,remain_iter,pie_delta,loglik_delta,alpha_l2norm_delta,loglik,alpha_sum
0,2000,0.0,10715120.957483,18.807815,-10715120.957483,1855.532322
1,1999,0.0,12900.055267,10.196338,-10702220.902216,2550.35578
2,1998,0.0,12060.380638,7.672633,-10690160.521578,2976.449662
3,1997,0.0,12849.112337,7.047662,-10677311.409241,3293.788778
4,1996,0.0,13521.439111,7.374546,-10663789.970131,3563.055922
5,1995,0.0,14146.663802,8.340642,-10649643.306328,3813.706793
6,1994,0.0,14739.439519,9.832223,-10634903.86681,4063.174421
7,1993,0.0,15241.848965,11.811273,-10619662.017844,4323.691345
8,1992,0.0,15560.144946,14.25462,-10604101.872898,4604.977399
9,1991,0.0,15598.851744,17.120561,-10588503.021154,4915.207595
10,1990,0.0,15289.092062,20.329747,-10573213.929092,5261.157479
11,1989,0.0,14608.730551,23.755595,-10558605.198541,5647.954773
12,1988,0.0,13591.156281,27.227151,-10545014.04226,6078.708821
13,1987,0.0,12319.55268,30.547632,-10532694.489581,6554.230773
14,1986,0.0,10907.27487,33.526199,-10521787.214711,7073.001747
15,1985,0.0,9470.989132,36.013349,-10512316.225578,7631.453323
16,1984,0.0,8106.694426,37.926947,-10504209.531152,8224.509965
17,1983,0.0,6876.539767,39.259341,-10497332.991385,8846.255905
18,1982,0.0,5808.164321,40.064753,-10491524.827065,9490.568752
19,1981,0.0,4902.672813,40.434521,-10486622.154251,10151.606674
20,1980,0.0,4145.426716,40.470922,-10482476.727536,10824.108248
21,1979,0.0,3515.2878,40.267656,-10478961.439736,11503.524388
22,1978,0.0,2990.578646,39.899836,-10475970.86109,12186.031196
23,1977,0.0,2551.996149,39.422029,-10473418.864941,12868.474709
24,1976,0.0,2183.505913,38.871079,-10471235.359028,13548.286331
25,1975,0.0,1872.21136,38.270711,-10469363.147667,14223.392791
26,1974,0.0,1607.850929,37.635955,-10467755.296738,14892.132652
27,1973,0.0,1382.252091,36.976578,-10466373.044648,15553.183922
28,1972,0.0,1188.865034,36.299367,-10465184.179613,16205.503434
29,1971,0.0,1022.398925,35.609484,-10464161.780689,16848.276906
30,1970,0.0,878.547036,34.911176,-10463283.233653,17480.87809
31,1969,0.0,753.779725,34.208111,-10462529.453928,18102.835389
32,1968,0.0,645.186998,33.503503,-10461884.266931,18713.804544
33,1967,0.0,550.357182,32.800172,-10461333.909748,19313.546213
34,1966,0.0,467.282221,32.100552,-10460866.627527,19901.907514
35,1965,0.0,394.282956,31.40672,-10460472.344571,20478.80678
36,1964,0.0,329.949666,30.720412,-10460142.394904,21044.220923
37,1963,0.0,273.094407,30.04306,-10459869.300497,21598.174941
38,1962,0.0,222.712574,29.375822,-10459646.587923,22140.733184
39,1961,0.0,177.951724,28.719618,-10459468.636199,22671.992068
40,1960,0.0,138.086178,28.075161,-10459330.550022,23192.073989
41,1959,0.0,102.496222,27.442989,-10459228.0538,23701.122238
42,1958,0.0,70.651016,26.82349,-10459157.402784,24199.296743
43,1957,0.0,42.09449,26.21693,-10459115.308294,24686.770511
44,1956,0.0,16.433677,25.623466,-10459098.874617,25163.726645
45,1955,0.0,6.670985,25.04317,-10459105.545603,25630.355853
46,1954,0.0,27.513724,24.476043,-10459133.059327,26086.85436
47,1953,0.0,46.350178,23.922026,-10459179.409505,26533.422169
48,1952,0.0,63.403042,23.38101,-10459242.812547,26970.26161
49,1951,0.0,78.866812,22.85285,-10459321.67936,27397.576128
50,1950,0.0,92.911785,22.337366,-10459414.591145,27815.569283
51,1949,0.0,105.687426,21.834357,-10459520.278571,28224.443917
52,1948,0.0,117.325229,21.343597,-10459637.6038,28624.401473
53,1947,0.0,127.941139,20.864851,-10459765.54494,29015.641431
54,1946,0.0,137.637621,20.397868,-10459903.182561,29398.360852
55,1945,0.0,146.505416,19.942392,-10460049.687977,29772.754011
56,1944,0.0,154.625052,19.498161,-10460204.313029,30139.012104
57,1943,0.0,162.068136,19.064908,-10460366.381165,30497.32301
58,1942,0.0,168.898466,18.642368,-10460535.279631,30847.871122
59,1941,0.0,175.172986,18.230274,-10460710.452617,31190.837207
60,1940,0.0,180.94262,17.82836,-10460891.395236,31526.39831
61,1939,0.0,186.252984,17.436366,-10461077.64822,31854.727695
62,1938,0.0,191.14501,17.054031,-10461268.79323,32175.994802
63,1937,0.0,195.655488,16.6811,-10461464.448718,32490.365234
64,1936,0.0,199.817539,16.317324,-10461664.266257,32798.000759
65,1935,0.0,203.661021,15.962456,-10461867.927277,33099.059331
66,1934,0.0,207.212898,15.616256,-10462075.140175,33393.69512
67,1933,0.0,210.497552,15.278489,-10462285.637727,33682.058554
68,1932,0.0,213.537062,14.948926,-10462499.174789,33964.29637
69,1931,0.0,216.351446,14.627343,-10462715.526235,34240.551672
70,1930,0.0,218.958884,14.313522,-10462934.485119,34510.963992
71,1929,0.0,221.375899,14.007252,-10463155.861018,34775.669362
72,1928,0.0,223.617534,13.708325,-10463379.478552,35034.800381
73,1927,0.0,225.697498,13.416543,-10463605.17605,35288.486288
74,1926,0.0,227.628298,13.131709,-10463832.804348,35536.853041
75,1925,0.0,229.421358,12.853634,-10464062.225706,35780.023389
76,1924,0.0,231.087126,12.582136,-10464293.312832,36018.116952
77,1923,0.0,232.635165,12.317035,-10464525.947997,36251.250295
78,1922,0.0,234.074239,12.058158,-10464760.022236,36479.537007
79,1921,0.0,235.412386,11.805338,-10464995.434622,36703.087778
80,1920,0.0,236.656986,11.558412,-10465232.091608,36922.010471
81,1919,0.0,237.814822,11.317221,-10465469.90643,37136.410201
82,1918,0.0,238.892135,11.081612,-10465708.798565,37346.389405
83,1917,0.0,239.894667,10.851437,-10465948.693231,37552.047916
84,1916,0.0,240.827714,10.626552,-10466189.520945,37753.483033
85,1915,0.0,241.696156,10.406816,-10466431.217101,37950.789592
86,1914,0.0,242.504501,10.192095,-10466673.721602,38144.06003
87,1913,0.0,243.25691,9.982256,-10466916.978512,38333.384456
88,1912,0.0,243.957233,9.777172,-10467160.935745,38518.850715
89,1911,0.0,244.609029,9.57672,-10467405.544773,38700.544445
90,1910,0.0,245.215594,9.38078,-10467650.760367,38878.549148
91,1909,0.0,245.779981,9.189235,-10467896.540348,39052.946241
92,1908,0.0,246.305023,9.001972,-10468142.845372,39223.815121
93,1907,0.0,246.793346,8.818882,-10468389.638718,39391.233216
94,1906,0.0,247.247387,8.639859,-10468636.886105,39555.276044
95,1905,0.0,247.669412,8.4648,-10468884.555517,39716.017264
96,1904,0.0,245.474332,8.293604,-10469130.029849,39873.528729
97,1903,0.0,239.085925,8.126174,-10469369.115774,40027.880538
98,1902,0.0,230.792557,7.962417,-10469599.908331,40179.141078
99,1901,0.0,218.438061,7.802241,-10469818.346391,40327.377082
100,1900,0.0,212.609011,7.645556,-10470030.955402,40472.653665
101,1899,0.0,207.877062,7.492278,-10470238.832464,40615.034373
102,1898,0.0,191.37477,7.342321,-10470430.207234,40754.58123
103,1897,0.0,191.652274,7.195605,-10470621.859508,40891.35477
104,1896,0.0,176.080992,7.05205,-10470797.9405,41025.414089
105,1895,0.0,174.551061,6.91158,-10470972.49156,41156.816876
106,1894,0.0,174.790028,6.77412,-10471147.281588,41285.619454
107,1893,0.0,175.013329,6.639598,-10471322.294917,41411.876819
108,1892,0.0,152.235759,6.507943,-10471474.530676,41535.642673
109,1891,0.0,138.926973,6.379087,-10471613.457649,41656.969461
110,1890,0.0,139.136136,6.252963,-10471752.593785,41775.908402
111,1889,0.0,139.33247,6.129506,-10471891.926255,41892.509525
112,1888,0.0,139.516718,6.008653,-10472031.442973,42006.821699
113,1887,0.0,139.68958,5.890344,-10472171.132553,42118.892664
114,1886,0.0,139.851712,5.774518,-10472310.984265,42228.769061
115,1885,0.0,140.003728,5.661118,-10472450.987993,42336.496459
116,1884,0.0,140.14621,5.550087,-10472591.134203,42442.119388
117,1883,0.0,140.2797,5.441371,-10472731.413903,42545.681361
118,1882,0.0,140.404712,5.334915,-10472871.818614,42647.224902
119,1881,0.0,140.521727,5.230669,-10473012.340341,42746.791575
120,1880,0.0,100.255071,5.12858,-10473112.595412,42844.422002
121,1879,0.0,20.892315,5.028601,-10473133.487727,42940.155893
122,1878,0.0,21.066062,4.930683,-10473154.553789,43034.032069
123,1877,0.0,21.231831,4.83478,-10473175.78562,43126.08848
124,1876,0.0,21.390018,4.740845,-10473197.175637,43216.362233
125,1875,0.0,21.540997,4.648835,-10473218.716634,43304.889609
126,1874,0.0,21.685123,4.558707,-10473240.401757,43391.706085
127,1873,0.0,21.82273,4.470418,-10473262.224487,43476.846356
128,1872,0.0,21.954135,4.383927,-10473284.178621,43560.344351
129,1871,0.0,22.079638,4.299194,-10473306.25826,43642.233257
130,1870,0.0,22.199524,4.216181,-10473328.457784,43722.545531
131,1869,0.0,22.314063,4.13485,-10473350.771847,43801.312924
132,1868,0.0,22.423508,4.055163,-10473373.195355,43878.566495
133,1867,0.0,22.528103,3.977084,-10473395.723458,43954.336629
134,1866,0.0,22.628077,3.900578,-10473418.351535,44028.653053
135,1865,0.0,22.723647,3.825612,-10473441.075182,44101.544853
136,1864,0.0,22.81502,3.75215,-10473463.890202,44173.040487
137,1863,0.0,22.902392,3.680162,-10473486.792594,44243.167803
138,1862,0.0,22.985949,3.609614,-10473509.778543,44311.954054
139,1861,0.0,23.065869,3.540476,-10473532.844412,44379.425907
140,1860,0.0,23.142318,3.472718,-10473555.98673,44445.609465
141,1859,0.0,23.215457,3.406309,-10473579.202187,44510.530272
142,1858,0.0,23.285437,3.341222,-10473602.487624,44574.213335
143,1857,0.0,23.352402,3.277427,-10473625.840026,44636.683127
144,1856,0.0,23.416489,3.214898,-10473649.256515,44697.963609
145,1855,0.0,23.477829,3.153607,-10473672.734345,44758.078235
146,1854,0.0,23.536546,3.093528,-10473696.270891,44817.049966
147,1853,0.0,23.592757,3.034636,-10473719.863648,44874.901284
148,1852,0.0,23.646576,2.976905,-10473743.510224,44931.654199
149,1851,0.0,23.698108,2.920312,-10473767.208332,44987.330263
150,1850,0.0,20.704343,2.864831,-10473787.912675,45041.950578
151,1849,0.0,15.896702,2.810441,-10473803.809377,45095.535809
152,1848,0.0,15.945477,2.757119,-10473819.754854,45148.106193
153,1847,0.0,15.992276,2.704841,-10473835.747131,45199.681546
154,1846,0.0,16.037184,2.653586,-10473851.784315,45250.281277
155,1845,0.0,16.080282,2.603334,-10473867.864597,45299.924395
156,1844,0.0,16.121648,2.554063,-10473883.986246,45348.629518
157,1843,0.0,16.161357,2.505753,-10473900.147602,45396.41488
158,1842,0.0,16.199477,2.458384,-10473916.347079,45443.298346
159,1841,0.0,16.236078,2.411937,-10473932.583158,45489.297412
160,1840,0.0,16.271223,2.366393,-10473948.854381,45534.429217
161,1839,0.0,16.304974,2.321734,-10473965.159355,45578.710553
162,1838,0.0,16.33739,2.277941,-10473981.496745,45622.157871
163,1837,0.0,16.368526,2.234996,-10473997.865271,45664.787285
164,1836,0.0,16.398436,2.192884,-10474014.263707,45706.614585
165,1835,0.0,16.427171,2.151585,-10474030.690878,45747.655242
166,1834,0.0,16.454781,2.111085,-10474047.145659,45787.924413
167,1833,0.0,16.481311,2.071366,-10474063.62697,45827.436952
168,1832,0.0,13.317327,2.032414,-10474076.944297,45866.20741
169,1831,0.0,13.024399,1.994211,-10474089.968696,45904.25005
170,1830,0.0,13.04918,1.956745,-10474103.017876,45941.578846
171,1829,0.0,13.073025,1.919999,-10474116.090901,45978.207495
172,1828,0.0,13.095972,1.883959,-10474129.186874,46014.149417
173,1827,0.0,13.118057,1.848611,-10474142.304931,46049.417766
174,1826,0.0,13.139315,1.813941,-10474155.444246,46084.025434
175,1825,0.0,13.159778,1.779935,-10474168.604024,46117.985055
176,1824,0.0,13.179479,1.746581,-10474181.783503,46151.309012
177,1823,0.0,13.198447,1.713866,-10474194.981951,46184.009444
178,1822,0.0,13.216713,1.681775,-10474208.198663,46216.098248
179,1821,0.0,13.234303,1.650298,-10474221.432966,46247.587085
180,1820,0.0,13.251244,1.619422,-10474234.68421,46278.487387
181,1819,0.0,13.267562,1.589135,-10474247.951772,46308.810359
182,1818,0.0,13.283282,1.559426,-10474261.235054,46338.566986
183,1817,0.0,13.298426,1.530282,-10474274.53348,46367.768037
184,1816,0.0,13.313018,1.501693,-10474287.846498,46396.424067
185,1815,0.0,13.327078,1.473648,-10474301.173576,46424.545427
186,1814,0.0,13.340628,1.446137,-10474314.514204,46452.142262
187,1813,0.0,13.353687,1.419148,-10474327.867891,46479.224521
188,1812,0.0,13.366275,1.392671,-10474341.234166,46505.801955
189,1811,0.0,13.378409,1.366697,-10474354.612575,46531.884126
190,1810,0.0,13.390106,1.341215,-10474368.002681,46557.480411
191,1809,0.0,13.401385,1.316216,-10474381.404066,46582.600002
192,1808,0.0,13.41226,1.291691,-10474394.816325,46607.251912
193,1807,0.0,13.422747,1.26763,-10474408.239072,46631.44498
194,1806,0.0,13.432861,1.244024,-10474421.671933,46655.187871
195,1805,0.0,13.442616,1.220864,-10474435.114549,46678.489084
196,1804,0.0,13.452026,1.198142,-10474448.566575,46701.356951
197,1803,0.0,13.461103,1.175849,-10474462.027679,46723.799645
198,1802,0.0,13.469861,1.153977,-10474475.49754,46745.825179
199,1801,0.0,13.478311,1.132518,-10474488.975851,46767.44141
200,1800,0.0,13.486465,1.111463,-10474502.462316,46788.656046
201,1799,0.0,12.144709,1.090805,-10474514.607025,46809.476645
202,1798,0.0,9.149974,1.070536,-10474523.756999,46829.910617
203,1797,0.0,9.158279,1.050648,-10474532.915278,46849.965233
204,1796,0.0,9.166312,1.031135,-10474542.08159,46869.647622
205,1795,0.0,9.174082,1.011989,-10474551.255672,46888.964775
206,1794,0.0,9.181598,0.993202,-10474560.43727,46907.92355
207,1793,0.0,9.18887,0.974769,-10474569.62614,46926.530673
208,1792,0.0,9.195906,0.956682,-10474578.822046,46944.792741
209,1791,0.0,9.202715,0.938935,-10474588.024762,46962.716225
210,1790,0.0,9.209305,0.92152,-10474597.234067,46980.30747
211,1789,0.0,9.215683,0.904432,-10474606.44975,46997.572702
212,1788,0.0,9.221857,0.887665,-10474615.671608,47014.518027
213,1787,0.0,9.227835,0.871212,-10474624.899442,47031.149434
214,1786,0.0,9.233622,0.855067,-10474634.133064,47047.472797
215,1785,0.0,9.239226,0.839224,-10474643.37229,47063.49388
216,1784,0.0,9.244653,0.823678,-10474652.616943,47079.218334
217,1783,0.0,9.249909,0.808423,-10474661.866852,47094.651706
218,1782,0.0,9.255,0.793453,-10474671.121852,47109.799435
219,1781,0.0,6.649489,0.778764,-10474677.77134,47124.666857
220,1780,0.0,5.281107,0.764348,-10474683.052448,47139.259205
221,1779,0.0,5.28643,0.750203,-10474688.338877,47153.581616
222,1778,0.0,5.291596,0.736321,-10474693.630474,47167.639126
223,1777,0.0,5.296612,0.722698,-10474698.927085,47181.436678
224,1776,0.0,5.301481,0.70933,-10474704.228566,47194.97912
225,1775,0.0,5.306208,0.696211,-10474709.534775,47208.271207
226,1774,0.0,5.310799,0.683337,-10474714.845574,47221.317606
227,1773,0.0,5.315258,0.670704,-10474720.160832,47234.122895
228,1772,0.0,5.319589,0.658305,-10474725.480421,47246.691564
229,1771,0.0,5.323795,0.646138,-10474730.804216,47259.02802
230,1770,0.0,5.327882,0.634197,-10474736.132098,47271.136586
231,1769,0.0,5.331852,0.622479,-10474741.46395,47283.021503
232,1768,0.0,5.335711,0.610979,-10474746.799661,47294.686933
233,1767,0.0,5.33946,0.599693,-10474752.139121,47306.136956
234,1766,0.0,5.343104,0.588617,-10474757.482225,47317.375581
235,1765,0.0,5.346646,0.577747,-10474762.828872,47328.406736
236,1764,0.0,5.35009,0.567079,-10474768.178961,47339.234277
237,1763,0.0,5.353437,0.55661,-10474773.532399,47349.861988
238,1762,0.0,5.356692,0.546335,-10474778.889091,47360.293581
239,1761,0.0,5.359858,0.536251,-10474784.248949,47370.532699
240,1760,0.0,5.362936,0.526354,-10474789.611885,47380.582916
241,1759,0.0,5.36593,0.516642,-10474794.977815,47390.447737
242,1758,0.0,5.368842,0.507109,-10474800.346657,47400.130604
243,1757,0.0,5.371675,0.497754,-10474805.718333,47409.634893
244,1756,0.0,5.374432,0.488573,-10474811.092765,47418.963917
245,1755,0.0,5.377114,0.479561,-10474816.469879,47428.120927
246,1754,0.0,5.379724,0.470717,-10474821.849603,47437.109111
247,1753,0.0,5.382264,0.462037,-10474827.231867,47445.931601
248,1752,0.0,5.384736,0.453518,-10474832.616603,47454.591467
249,1751,0.0,5.387143,0.445157,-10474838.003745,47463.091722
250,1750,0.0,5.389485,0.436951,-10474843.393231,47471.435325
251,1749,0.0,5.391766,0.428897,-10474848.784997,47479.625177
252,1748,0.0,5.393987,0.420992,-10474854.178984,47487.664125
253,1747,0.0,5.39615,0.413234,-10474859.575134,47495.554965
254,1746,0.0,5.398256,0.40562,-10474864.97339,47503.300437
255,1745,0.0,5.400307,0.398146,-10474870.373697,47510.903234
256,1744,0.0,5.402306,0.390811,-10474875.776003,47518.365995
257,1743,0.0,5.404252,0.383611,-10474881.180255,47525.691311
258,1742,0.0,5.406148,0.376545,-10474886.586403,47532.881726
259,1741,0.0,5.407996,0.36961,-10474891.994399,47539.939735
260,1740,0.0,5.409796,0.362803,-10474897.404196,47546.867786
261,1739,0.0,5.411551,0.356122,-10474902.815747,47553.668283
262,1738,0.0,5.413261,0.349564,-10474908.229008,47560.343585
263,1737,0.0,5.154053,0.343128,-10474913.383061,47566.896005
264,1736,0.0,0.098195,0.336811,-10474913.284866,47573.327814
265,1735,0.0,0.096105,0.33061,-10474913.18876,47579.641243
266,1734,0.0,0.094065,0.324524,-10474913.094695,47585.838477
267,1733,0.0,0.092073,0.318551,-10474913.002622,47591.921664
268,1732,0.0,0.090127,0.312688,-10474912.912495,47597.892911
269,1731,0.0,0.088226,0.306934,-10474912.824269,47603.754285
270,1730,0.0,0.086369,0.301285,-10474912.737899,47609.507815
271,1729,0.0,0.084556,0.295741,-10474912.653344,47615.155492
272,1728,0.0,0.082784,0.2903,-10474912.57056,47620.69927
273,1727,0.0,0.081052,0.284958,-10474912.489508,47626.141069
274,1726,0.0,0.079361,0.279716,-10474912.410147,47631.482769
275,1725,0.0,0.077708,0.27457,-10474912.332439,47636.726218
276,1724,0.0,0.076092,0.26952,-10474912.256347,47641.87323
277,1723,0.0,0.074513,0.264562,-10474912.181833,47646.925584
278,1722,0.0,0.072971,0.259696,-10474912.108863,47651.885025
279,1721,0.0,0.071462,0.25492,-10474912.0374,47656.753268
280,1720,0.0,0.069988,0.250232,-10474911.967412,47661.531995
281,1719,0.0,0.068547,0.24563,-10474911.898865,47666.222857
282,1718,0.0,0.067138,0.241113,-10474911.831727,47670.827474
283,1717,0.0,0.065761,0.23668,-10474911.765967,47675.347436
284,1716,0.0,0.064414,0.232328,-10474911.701553,47679.784305
285,1715,0.0,0.063097,0.228057,-10474911.638456,47684.139611
286,1714,0.0,0.061809,0.223864,-10474911.576647,47688.414858
287,1713,0.0,0.06055,0.219749,-10474911.516098,47692.611522
288,1712,0.0,0.059318,0.215709,-10474911.456779,47696.731051
289,1711,0.0,0.058114,0.211744,-10474911.398666,47700.774866
290,1710,0.0,0.056935,0.207852,-10474911.34173,47704.744362
291,1709,0.0,0.055783,0.204032,-10474911.285947,47708.64091
292,1708,0.0,0.054656,0.200282,-10474911.231291,47712.465851
293,1707,0.0,0.053553,0.196601,-10474911.177738,47716.220506
294,1706,0.0,0.052474,0.192988,-10474911.125264,47719.906169
295,1705,0.0,0.051419,0.189442,-10474911.073845,47723.524111
296,1704,0.0,0.050386,0.185961,-10474911.023459,47727.075579
297,1703,0.0,0.049376,0.182544,-10474910.974083,47730.561796
298,1702,0.0,0.048387,0.17919,-10474910.925697,47733.983965
299,1701,0.0,0.047419,0.175897,-10474910.878277,47737.343265
300,1700,0.0,0.046473,0.172666,-10474910.831805,47740.640852
301,1699,0.0,0.045546,0.169493,-10474910.786259,47743.877863
302,1698,0.0,0.044639,0.16638,-10474910.74162,47747.055413
303,1697,0.0,0.043751,0.163323,-10474910.697868,47750.174596
304,1696,0.0,0.042883,0.160323,-10474910.654986,47753.236487
305,1695,0.0,0.042032,0.157378,-10474910.612954,47756.24214
306,1694,0.0,0.0412,0.154487,-10474910.571754,47759.192589
307,1693,0.0,0.040385,0.15165,-10474910.53137,47762.088851
308,1692,0.0,0.039587,0.148864,-10474910.491783,47764.931922
309,1691,0.0,0.038806,0.14613,-10474910.452977,47767.722781
310,1690,0.0,0.038041,0.143447,-10474910.414936,47770.462389
311,1689,0.0,0.037292,0.140812,-10474910.377644,47773.151689
312,1688,0.0,0.036559,0.138226,-10474910.341085,47775.791605
313,1687,0.0,0.035841,0.135688,-10474910.305244,47778.383046
314,1686,0.0,0.035138,0.133196,-10474910.270106,47780.926903
315,1685,0.0,0.03445,0.13075,-10474910.235656,47783.424052
316,1684,0.0,0.033776,0.12835,-10474910.201881,47785.875352
317,1683,0.0,0.033115,0.125993,-10474910.168765,47788.281646
318,1682,0.0,0.032469,0.12368,-10474910.136297,47790.643761
319,1681,0.0,0.031835,0.121409,-10474910.104462,47792.96251
320,1680,0.0,0.031215,0.11918,-10474910.073247,47795.238689
321,1679,0.0,0.030607,0.116992,-10474910.042639,47797.473082
322,1678,0.0,0.030012,0.114844,-10474910.012627,47799.666457
323,1677,0.0,0.029429,0.112735,-10474909.983198,47801.819567
324,1676,0.0,0.028858,0.110666,-10474909.954341,47803.933154
325,1675,0.0,0.028298,0.108634,-10474909.926042,47806.007942
326,1674,0.0,0.02775,0.10664,-10474909.898292,47808.044647
327,1673,0.0,0.027213,0.104682,-10474909.871079,47810.043966
328,1672,0.0,0.026687,0.102761,-10474909.844392,47812.006588
329,1671,0.0,0.026172,0.100875,-10474909.81822,47813.933188
330,1670,0.0,0.025666,0.099023,-10474909.792554,47815.824426
331,1669,0.0,0.025172,0.097206,-10474909.767382,47817.680952
332,1668,0.0,0.024687,0.095421,-10474909.742696,47819.503405
333,1667,0.0,0.024211,0.09367,-10474909.718484,47821.292411
334,1666,0.0,0.023746,0.091951,-10474909.694738,47823.048584
335,1665,0.0,0.023289,0.090263,-10474909.671449,47824.772527
336,1664,0.0,0.022842,0.088607,-10474909.648607,47826.464832
337,1663,0.0,0.022404,0.086981,-10474909.626203,47828.126082
338,1662,0.0,0.021975,0.085384,-10474909.604228,47829.756845
339,1661,0.0,0.021554,0.083817,-10474909.582675,47831.357683
340,1660,0.0,0.021141,0.082279,-10474909.561534,47832.929144
341,1659,0.0,0.020737,0.080769,-10474909.540797,47834.47177
342,1658,0.0,0.02034,0.079287,-10474909.520457,47835.986088
343,1657,0.0,0.019952,0.077832,-10474909.500505,47837.472619
344,1656,0.0,0.019571,0.076404,-10474909.480934,47838.931874
345,1655,0.0,0.019198,0.075002,-10474909.461736,47840.364353
346,1654,0.0,0.018832,0.073626,-10474909.442904,47841.770548
347,1653,0.0,0.018473,0.072275,-10474909.424431,47843.150943
348,1652,0.0,0.018122,0.070949,-10474909.406309,47844.506009
349,1651,0.0,0.017777,0.069647,-10474909.388532,47845.836214
350,1650,0.0,0.017439,0.068369,-10474909.371093,47847.142013
351,1649,0.0,0.017108,0.067114,-10474909.353986,47848.423854
352,1648,0.0,0.016783,0.065883,-10474909.337203,47849.682177
353,1647,0.0,0.016464,0.064674,-10474909.320738,47850.917415
354,1646,0.0,0.016152,0.063488,-10474909.304586,47852.129991
355,1645,0.0,0.015846,0.062323,-10474909.28874,47853.32032
356,1644,0.0,0.015546,0.06118,-10474909.273194,47854.488813
357,1643,0.0,0.015252,0.060057,-10474909.257942,47855.635868
358,1642,0.0,0.014963,0.058955,-10474909.242978,47856.761881
359,1641,0.0,0.01468,0.057874,-10474909.228298,47857.867237
360,1640,0.0,0.014403,0.056812,-10474909.213895,47858.952315
361,1639,0.0,0.014131,0.05577,-10474909.199764,47860.017488
362,1638,0.0,0.013864,0.054747,-10474909.1859,47861.063122
363,1637,0.0,0.013603,0.053742,-10474909.172297,47862.089574
364,1636,0.0,0.013346,0.052757,-10474909.158951,47863.097197
365,1635,0.0,0.013095,0.051789,-10474909.145857,47864.086336
366,1634,0.0,0.012848,0.050839,-10474909.133009,47865.057331
367,1633,0.0,0.012606,0.049906,-10474909.120403,47866.010515
368,1632,0.0,0.012369,0.048991,-10474909.108034,47866.946215
369,1631,0.0,0.012136,0.048092,-10474909.095898,47867.864751
370,1630,0.0,0.011908,0.04721,-10474909.08399,47868.766439
371,1629,0.0,0.011684,0.046344,-10474909.072306,47869.651588
372,1628,0.0,0.011464,0.045494,-10474909.060842,47870.520501
373,1627,0.0,0.011249,0.044659,-10474909.049593,47871.373477
374,1626,0.0,0.011038,0.04384,-10474909.038555,47872.210807
375,1625,0.0,0.010831,0.043036,-10474909.027724,47873.032779
376,1624,0.0,0.010628,0.042247,-10474909.017096,47873.839675
377,1623,0.0,0.010429,0.041472,-10474909.006667,47874.631771
378,1622,0.0,0.010233,0.040711,-10474908.996434,47875.40934
379,1621,0.0,0.010041,0.039964,-10474908.986393,47876.172647
380,1620,0.0,0.009853,0.039231,-10474908.976539,47876.921954
381,1619,0.0,0.009669,0.038512,-10474908.96687,47877.657518
382,1618,0.0,0.009488,0.037806,-10474908.957382,47878.379592
383,1617,0.0,0.009311,0.037112,-10474908.948072,47879.088423
384,1616,0.0,0.009137,0.036432,-10474908.938935,47879.784253
385,1615,0.0,0.008966,0.035763,-10474908.92997,47880.467322
386,1614,0.0,0.008798,0.035107,-10474908.921171,47881.137864
387,1613,0.0,0.008634,0.034464,-10474908.912537,47881.796108
388,1612,0.0,0.008473,0.033832,-10474908.904065,47882.442279
389,1611,0.0,0.008315,0.033211,-10474908.89575,47883.076601
390,1610,0.0,0.008159,0.032602,-10474908.887591,47883.699289
391,1609,0.0,0.008007,0.032004,-10474908.879584,47884.310558
392,1608,0.0,0.007858,0.031417,-10474908.871726,47884.910616
393,1607,0.0,0.007711,0.030841,-10474908.864014,47885.49967
394,1606,0.0,0.007568,0.030275,-10474908.856447,47886.077922
395,1605,0.0,0.007427,0.02972,-10474908.84902,47886.645569
396,1604,0.0,0.007288,0.029175,-10474908.841732,47887.202806
397,1603,0.0,0.007153,0.02864,-10474908.834579,47887.749824
398,1602,0.0,0.007019,0.028115,-10474908.82756,47888.286811
399,1601,0.0,0.006889,0.027599,-10474908.820671,47888.813951
400,1600,0.0,0.006761,0.027093,-10474908.81391,47889.331423
401,1599,0.0,0.006635,0.026596,-10474908.807275,47889.839407
402,1598,0.0,0.006512,0.026109,-10474908.800764,47890.338074
403,1597,0.0,0.006391,0.02563,-10474908.794373,47890.827598
404,1596,0.0,0.006272,0.02516,-10474908.788102,47891.308144
405,1595,0.0,0.006155,0.024698,-10474908.781946,47891.779879
406,1594,0.0,0.006041,0.024245,-10474908.775906,47892.242963
407,1593,0.0,0.005929,0.023801,-10474908.769977,47892.697555
408,1592,0.0,0.005819,0.023364,-10474908.764158,47893.143811
409,1591,0.0,0.005711,0.022936,-10474908.758448,47893.581884
410,1590,0.0,0.005605,0.022515,-10474908.752843,47894.011925
411,1589,0.0,0.005501,0.022103,-10474908.747343,47894.434079
412,1588,0.0,0.005399,0.021697,-10474908.741944,47894.848492
413,1587,0.0,0.005298,0.021299,-10474908.736646,47895.255307
414,1586,0.0,0.0052,0.020909,-10474908.731446,47895.654662
415,1585,0.0,0.005104,0.020525,-10474908.726342,47896.046693
416,1584,0.0,0.005009,0.020149,-10474908.721333,47896.431537
417,1583,0.0,0.004916,0.01978,-10474908.716417,47896.809323
418,1582,0.0,0.004825,0.019417,-10474908.711591,47897.180183
419,1581,0.0,0.004736,0.019061,-10474908.706855,47897.544242
420,1580,0.0,0.004648,0.018711,-10474908.702207,47897.901625
421,1579,0.0,0.004562,0.018368,-10474908.697645,47898.252456
422,1578,0.0,0.004478,0.018031,-10474908.693168,47898.596854
423,1577,0.0,0.004395,0.017701,-10474908.688773,47898.934936
424,1576,0.0,0.004313,0.017376,-10474908.68446,47899.26682
425,1575,0.0,0.004234,0.017058,-10474908.680226,47899.592618
426,1574,0.0,0.004155,0.016745,-10474908.676071,47899.912443
427,1573,0.0,0.004078,0.016438,-10474908.671993,47900.226403
428,1572,0.0,0.004003,0.016136,-10474908.66799,47900.534607
429,1571,0.0,0.003929,0.015841,-10474908.664061,47900.837159
430,1570,0.0,0.003856,0.01555,-10474908.660204,47901.134164
431,1569,0.0,0.003785,0.015265,-10474908.65642,47901.425723
432,1568,0.0,0.003715,0.014985,-10474908.652705,47901.711936
433,1567,0.0,0.003646,0.01471,-10474908.649058,47901.992902
434,1566,0.0,0.003579,0.014441,-10474908.645479,47902.268716
435,1565,0.0,0.003513,0.014176,-10474908.641966,47902.539473
436,1564,0.0,0.003448,0.013916,-10474908.638519,47902.805265
437,1563,0.0,0.003384,0.013661,-10474908.635134,47903.066184
438,1562,0.0,0.003322,0.01341,-10474908.631812,47903.322319
439,1561,0.0,0.00326,0.013164,-10474908.628552,47903.573758
440,1560,0.0,0.0032,0.012923,-10474908.625352,47903.820586
441,1559,0.0,0.003141,0.012686,-10474908.622211,47904.062889
442,1558,0.0,0.003083,0.012453,-10474908.619128,47904.30075
443,1557,0.0,0.003026,0.012225,-10474908.616101,47904.534249
444,1556,0.0,0.00297,0.012001,-10474908.613131,47904.763467
445,1555,0.0,0.002916,0.011781,-10474908.610215,47904.988483
446,1554,0.0,0.002862,0.011565,-10474908.607353,47905.209372
447,1553,0.0,0.002809,0.011353,-10474908.604544,47905.426212
448,1552,0.0,0.002757,0.011145,-10474908.601787,47905.639077
449,1551,0.0,0.002706,0.01094,-10474908.599081,47905.848038
450,1550,0.0,0.002656,0.01074,-10474908.596424,47906.053168
451,1549,0.0,0.002607,0.010543,-10474908.593817,47906.254538
452,1548,0.0,0.002559,0.01035,-10474908.591258,47906.452215
453,1547,0.0,0.002512,0.01016,-10474908.588745,47906.646268
454,1546,0.0,0.002466,0.009974,-10474908.586279,47906.836763
455,1545,0.0,0.00242,0.009791,-10474908.583859,47907.023766
456,1544,0.0,0.002376,0.009611,-10474908.581483,47907.20734
457,1543,0.0,0.002332,0.009435,-10474908.579151,47907.387548
458,1542,0.0,0.002289,0.009262,-10474908.576862,47907.564452
459,1541,0.0,0.002247,0.009092,-10474908.574615,47907.738113
460,1540,0.0,0.002206,0.008926,-10474908.57241,47907.90859
461,1539,0.0,0.002165,0.008762,-10474908.570245,47908.075942
462,1538,0.0,0.002125,0.008601,-10474908.56812,47908.240225
463,1537,0.0,0.002086,0.008444,-10474908.566034,47908.401496
464,1536,0.0,0.002047,0.008289,-10474908.563986,47908.559811
465,1535,0.0,0.00201,0.008137,-10474908.561977,47908.715223
466,1534,0.0,0.001973,0.007988,-10474908.560004,47908.867786
467,1533,0.0,0.001936,0.007841,-10474908.558067,47909.017551
468,1532,0.0,0.001901,0.007697,-10474908.556167,47909.164571
469,1531,0.0,0.001866,0.007556,-10474908.554301,47909.308895
470,1530,0.0,0.001831,0.007418,-10474908.552469,47909.450574
471,1529,0.0,0.001798,0.007282,-10474908.550672,47909.589655
472,1528,0.0,0.001765,0.007148,-10474908.548907,47909.726186
473,1527,0.0,0.001732,0.007017,-10474908.547175,47909.860214
474,1526,0.0,0.0017,0.006889,-10474908.545475,47909.991784
475,1525,0.0,0.001669,0.006762,-10474908.543806,47910.120943
476,1524,0.0,0.001638,0.006638,-10474908.542167,47910.247733
477,1523,0.0,0.001608,0.006517,-10474908.540559,47910.372199
478,1522,0.0,0.001579,0.006397,-10474908.53898,47910.494384
479,1521,0.0,0.001549,0.00628,-10474908.537431,47910.614328
480,1520,0.0,0.001521,0.006165,-10474908.53591,47910.732073
481,1519,0.0,0.001493,0.006052,-10474908.534417,47910.847659
482,1518,0.0,0.001466,0.005941,-10474908.532951,47910.961126
483,1517,0.0,0.001439,0.005832,-10474908.531513,47911.072513
484,1516,0.0,0.001412,0.005725,-10474908.530101,47911.181858
485,1515,0.0,0.001386,0.00562,-10474908.528714,47911.289199
486,1514,0.0,0.001361,0.005517,-10474908.527354,47911.394571
487,1513,0.0,0.001336,0.005416,-10474908.526018,47911.498011
488,1512,0.0,0.001311,0.005316,-10474908.524707,47911.599556
489,1511,0.0,0.001287,0.005219,-10474908.52342,47911.699238
490,1510,0.0,0.001263,0.005123,-10474908.522156,47911.797093
491,1509,0.0,0.00124,0.005029,-10474908.520916,47911.893154
492,1508,0.0,0.001217,0.004937,-10474908.519699,47911.987454
493,1507,0.0,0.001195,0.004847,-10474908.518504,47912.080025
494,1506,0.0,0.001173,0.004758,-10474908.517331,47912.170899
495,1505,0.0,0.001151,0.004671,-10474908.516179,47912.260107
496,1504,0.0,0.00113,0.004585,-10474908.515049,47912.347679
497,1503,0.0,0.00111,0.004501,-10474908.51394,47912.433646
498,1502,0.0,0.001089,0.004418,-10474908.51285,47912.518037
499,1501,0.0,0.001069,0.004337,-10474908.511781,47912.600881
500,1500,0.0,0.001049,0.004258,-10474908.510732,47912.682206
501,1499,0.0,0.00103,0.00418,-10474908.509702,47912.76204
502,1498,0.0,0.001011,0.004103,-10474908.50869,47912.84041
503,1497,0.0,0.000993,0.004028,-10474908.507698,47912.917344
