,remain_iter,pie_delta,loglik_delta,alpha_l2norm_delta,loglik,alpha_sum
0,2000,0.0,2410181.609774,12.460352,-2410181.609774,941.171569
1,1999,0.0,2073.122098,6.748643,-2408108.487676,1304.6758
2,1998,0.0,5511.795583,5.092083,-2402596.692092,1503.57676
3,1997,0.0,7787.11687,5.221998,-2394809.575223,1646.218732
4,1996,0.0,9254.659612,6.532417,-2385554.91561,1777.335553
5,1995,0.0,10174.670141,8.809848,-2375380.245469,1921.134998
6,1994,0.0,10504.721842,11.980124,-2364875.523627,2094.008339
7,1993,0.0,10152.32813,15.914675,-2354723.195497,2307.938548
8,1992,0.0,9152.092586,20.29782,-2345571.102911,2570.355694
9,1991,0.0,7721.456218,24.631505,-2337849.646693,2883.124197
10,1990,0.0,6171.524507,28.369291,-2331678.122186,3242.486377
11,1989,0.0,4762.579202,31.113676,-2326915.542984,3640.592557
12,1988,0.0,3622.991683,32.759909,-2323292.551301,4067.918117
13,1987,0.0,2763.030528,33.485712,-2320529.520773,4515.380856
14,1986,0.0,2133.086948,33.601741,-2318396.433825,4975.483436
15,1985,0.0,1672.282953,33.389687,-2316724.150872,5442.553064
16,1984,0.0,1330.51786,33.029334,-2315393.633012,5912.495063
17,1983,0.0,1072.229046,32.608655,-2314321.403966,6382.415145
18,1982,0.0,873.382229,32.161941,-2313448.021737,6850.281848
19,1981,0.0,717.750834,31.700451,-2312730.270903,7314.672746
20,1980,0.0,594.176563,31.228411,-2312136.09434,7774.59577
21,1979,0.0,494.809754,30.748976,-2311641.284585,8229.365661
22,1978,0.0,414.008974,30.265527,-2311227.275612,8678.518239
23,1977,0.0,347.643232,29.781483,-2310879.632379,9121.750164
24,1976,0.0,292.63806,29.299926,-2310586.994319,9558.876003
25,1975,0.0,246.67244,28.823402,-2310340.321879,9989.797189
26,1974,0.0,207.971727,28.353879,-2310132.350153,10414.479315
27,1973,0.0,175.163332,27.892804,-2309957.186821,10832.935368
28,1972,0.0,147.174412,27.441195,-2309810.012409,11245.213224
29,1971,0.0,123.158252,26.999727,-2309686.854158,11651.386281
30,1970,0.0,102.44059,26.568812,-2309584.413568,12051.546387
31,1969,0.0,84.480005,26.148661,-2309499.933563,12445.798485
32,1968,0.0,68.838361,25.739332,-2309431.095203,12834.256544
33,1967,0.0,55.158524,25.340773,-2309375.936678,13217.040463
34,1966,0.0,43.147412,24.95285,-2309332.789266,13594.273707
35,1965,0.0,32.562969,24.575368,-2309300.226297,13966.08151
36,1964,0.0,23.204085,24.20809,-2309277.022212,14332.589512
37,1963,0.0,14.90273,23.850749,-2309262.119482,14693.922724
38,1962,0.0,7.517769,23.50306,-2309254.601713,15050.204757
39,1961,0.0,0.930061,23.164727,-2309253.671652,15401.55724
40,1960,0.0,4.961444,22.835449,-2309258.633096,15748.099408
41,1959,0.0,10.242832,22.514922,-2309268.875928,16089.947794
42,1958,0.0,14.987756,22.202846,-2309283.863683,16427.216029
43,1957,0.0,19.259482,21.898926,-2309303.123166,16760.014707
44,1956,0.0,23.112563,21.602871,-2309326.235729,17088.451304
45,1955,0.0,26.594208,21.3144,-2309352.829936,17412.630151
46,1954,0.0,29.745412,21.03324,-2309382.575348,17732.652431
47,1953,0.0,32.601892,20.759127,-2309415.17724,18048.616205
48,1952,0.0,35.194862,20.491805,-2309450.372102,18360.616459
49,1951,0.0,37.551685,20.231031,-2309487.923786,18668.745164
50,1950,0.0,39.696413,19.976567,-2309527.620199,18973.091343
51,1949,0.0,41.650249,19.728189,-2309569.270448,19273.741157
52,1948,0.0,43.43193,19.485678,-2309612.702378,19570.77798
53,1947,0.0,45.058058,19.248827,-2309657.760436,19864.28249
54,1946,0.0,46.543377,19.017436,-2309704.303813,20154.332759
55,1945,0.0,47.90101,18.791315,-2309752.204824,20441.004337
56,1944,0.0,49.142666,18.570281,-2309801.34749,20724.370344
57,1943,0.0,50.27881,18.354159,-2309851.626299,21004.501557
58,1942,0.0,51.318818,18.142781,-2309902.945118,21281.466493
59,1941,0.0,52.271107,17.935988,-2309955.216224,21555.3315
60,1940,0.0,53.143242,17.733626,-2310008.359466,21826.160831
61,1939,0.0,53.942041,17.535548,-2310062.301508,22094.016727
62,1938,0.0,54.673656,17.341614,-2310116.975164,22358.959495
63,1937,0.0,55.343648,17.151689,-2310172.318812,22621.047578
64,1936,0.0,55.957051,16.965644,-2310228.275863,22880.337633
65,1935,0.0,56.51843,16.783356,-2310284.794292,23136.884591
66,1934,0.0,57.031931,16.604706,-2310341.826224,23390.741732
67,1933,0.0,57.501326,16.429581,-2310399.32755,23641.960741
68,1932,0.0,57.930049,16.257872,-2310457.257599,23890.591775
69,1931,0.0,58.321231,16.089475,-2310515.57883,24136.683517
70,1930,0.0,58.677732,15.924289,-2310574.256563,24380.283233
71,1929,0.0,59.002168,15.762219,-2310633.258731,24621.436827
72,1928,0.0,59.296932,15.603172,-2310692.555663,24860.188891
73,1927,0.0,59.564217,15.44706,-2310752.11988,25096.582755
74,1926,0.0,59.806038,15.293797,-2310811.925918,25330.660532
75,1925,0.0,60.024242,15.143302,-2310871.95016,25562.463165
76,1924,0.0,60.220531,14.995497,-2310932.170691,25792.03047
77,1923,0.0,60.396469,14.850304,-2310992.56716,26019.401177
78,1922,0.0,60.553499,14.707653,-2311053.120659,26244.612967
79,1921,0.0,60.69295,14.567472,-2311113.813609,26467.702514
80,1920,0.0,60.816051,14.429695,-2311174.629659,26688.705518
81,1919,0.0,60.923935,14.294256,-2311235.553595,26907.656739
82,1918,0.0,61.017654,14.161093,-2311296.571248,27124.590033
83,1917,0.0,61.098177,14.030146,-2311357.669425,27339.538383
84,1916,0.0,61.166404,13.901356,-2311418.835829,27552.533928
85,1915,0.0,61.22317,13.774667,-2311480.058999,27763.60799
86,1914,0.0,61.269248,13.650026,-2311541.328247,27972.791108
87,1913,0.0,61.305358,13.527381,-2311602.633605,28180.113061
88,1912,0.0,61.332167,13.40668,-2311663.965773,28385.60289
89,1911,0.0,61.350297,13.287876,-2311725.316069,28589.28893
90,1910,0.0,61.360324,13.170922,-2311786.676393,28791.198829
91,1909,0.0,61.362787,13.055771,-2311848.03918,28991.359571
92,1908,0.0,61.358187,12.942381,-2311909.397367,29189.797498
93,1907,0.0,61.346992,12.830709,-2311970.744359,29386.53833
94,1906,0.0,61.329638,12.720714,-2312032.073997,29581.607186
95,1905,0.0,61.306531,12.612356,-2312093.380528,29775.028606
96,1904,0.0,61.278052,12.505597,-2312154.65858,29966.826562
97,1903,0.0,61.244556,12.4004,-2312215.903137,30157.024481
98,1902,0.0,61.206375,12.296729,-2312277.109512,30345.645263
99,1901,0.0,61.16382,12.19455,-2312338.273332,30532.711294
100,1900,0.0,61.117181,12.093828,-2312399.390513,30718.244463
101,1899,0.0,61.066731,11.99453,-2312460.457244,30902.266177
102,1898,0.0,61.012724,11.896626,-2312521.469968,31084.797375
103,1897,0.0,60.955399,11.800085,-2312582.425367,31265.858544
104,1896,0.0,60.894982,11.704876,-2312643.320349,31445.46973
105,1895,0.0,60.831681,11.610972,-2312704.15203,31623.650553
106,1894,0.0,60.765694,11.518343,-2312764.917724,31800.420219
107,1893,0.0,60.697207,11.426963,-2312825.614931,31975.797528
108,1892,0.0,60.626392,11.336806,-2312886.241323,32149.800894
109,1891,0.0,60.553414,11.247845,-2312946.794736,32322.448348
110,1890,0.0,60.478425,11.160056,-2313007.273161,32493.757552
111,1889,0.0,60.401571,11.073416,-2313067.674732,32663.745812
112,1888,0.0,60.322986,10.987899,-2313127.997719,32832.430084
113,1887,0.0,60.242799,10.903485,-2313188.240518,32999.826984
114,1886,0.0,60.161129,10.820149,-2313248.401647,33165.9528
115,1885,0.0,60.07809,10.737872,-2313308.479737,33330.823498
116,1884,0.0,59.993788,10.656632,-2313368.473525,33494.454734
117,1883,0.0,59.908322,10.576408,-2313428.381847,33656.86186
118,1882,0.0,59.821788,10.497181,-2313488.203634,33818.05993
119,1881,0.0,59.734273,10.418931,-2313547.937908,33978.063715
120,1880,0.0,59.645863,10.34164,-2313607.58377,34136.887703
121,1879,0.0,59.556635,10.26529,-2313667.140405,34294.546109
122,1878,0.0,59.466664,10.189862,-2313726.60707,34451.052884
123,1877,0.0,59.376021,10.11534,-2313785.98309,34606.421721
124,1876,0.0,59.28477,10.041706,-2313845.26786,34760.666057
125,1875,0.0,59.192975,9.968944,-2313904.460836,34913.799089
126,1874,0.0,59.100695,9.897038,-2313963.56153,35065.833769
127,1873,0.0,59.007983,9.825972,-2314022.569513,35216.782819
128,1872,0.0,58.914894,9.755732,-2314081.484408,35366.658732
129,1871,0.0,57.259846,9.686302,-2314138.744253,35515.47378
130,1870,0.0,56.654354,9.617668,-2314195.398607,35663.240017
131,1869,0.0,56.564202,9.549815,-2314251.962809,35809.969286
132,1868,0.0,56.473812,9.482731,-2314308.436621,35955.673225
133,1867,0.0,56.383224,9.416401,-2314364.819845,36100.36327
134,1866,0.0,56.292475,9.350812,-2314421.112319,36244.050659
135,1865,0.0,56.201601,9.285953,-2314477.31392,36386.746441
136,1864,0.0,56.110635,9.221809,-2314533.424555,36528.461476
137,1863,0.0,56.019608,9.15837,-2314589.444163,36669.206442
138,1862,0.0,55.928552,9.095623,-2314645.372715,36808.991837
139,1861,0.0,55.837492,9.033556,-2314701.210207,36947.827988
140,1860,0.0,55.746456,8.972158,-2314756.956663,37085.725046
141,1859,0.0,55.65547,8.911418,-2314812.612133,37222.693001
142,1858,0.0,55.564555,8.851326,-2314868.176688,37358.741677
143,1857,0.0,54.805394,8.79187,-2314922.982082,37493.880739
144,1856,0.0,53.572727,8.733041,-2314976.554809,37628.119698
145,1855,0.0,53.485433,8.674828,-2315030.040242,37761.467911
146,1854,0.0,53.398259,8.617221,-2315083.438501,37893.934589
147,1853,0.0,53.311225,8.560211,-2315136.749726,38025.528794
148,1852,0.0,53.224348,8.503788,-2315189.974074,38156.259449
149,1851,0.0,53.137643,8.447943,-2315243.111717,38286.135336
150,1850,0.0,53.051125,8.392667,-2315296.162842,38415.1651
151,1849,0.0,52.964809,8.33795,-2315349.127651,38543.357256
152,1848,0.0,52.878708,8.283786,-2315402.006359,38670.720185
153,1847,0.0,52.054832,8.230164,-2315454.061191,38797.262143
154,1846,0.0,51.046027,8.177077,-2315505.107218,38922.991259
155,1845,0.0,50.963616,8.124516,-2315556.070834,39047.915541
156,1844,0.0,50.881438,8.072474,-2315606.952272,39172.042877
157,1843,0.0,50.799503,8.020943,-2315657.751774,39295.381037
158,1842,0.0,50.71782,7.969915,-2315708.469595,39417.937677
159,1841,0.0,50.6364,7.919383,-2315759.105995,39539.72034
160,1840,0.0,50.55525,7.869339,-2315809.661244,39660.736458
161,1839,0.0,50.474377,7.819776,-2315860.135622,39780.993356
162,1838,0.0,50.39379,7.770688,-2315910.529412,39900.498254
163,1837,0.0,50.313496,7.722067,-2315960.842907,40019.258266
164,1836,0.0,50.2335,7.673907,-2316011.076407,40137.280405
165,1835,0.0,50.153809,7.6262,-2316061.230216,40254.571586
166,1834,0.0,50.074428,7.578942,-2316111.304644,40371.138625
167,1833,0.0,49.995363,7.532124,-2316161.300008,40486.988241
168,1832,0.0,49.916619,7.485742,-2316211.216626,40602.127061
169,1831,0.0,49.838199,7.439788,-2316261.054825,40716.561619
170,1830,0.0,49.760109,7.394257,-2316310.814934,40830.29836
171,1829,0.0,49.682352,7.349144,-2316360.497286,40943.343638
172,1828,0.0,49.604931,7.304442,-2316410.102217,41055.703721
173,1827,0.0,49.52785,7.260145,-2316459.630067,41167.384793
174,1826,0.0,49.451112,7.216249,-2316509.08118,41278.392953
175,1825,0.0,49.37472,7.172748,-2316558.455899,41388.734217
176,1824,0.0,49.298676,7.129636,-2316607.754575,41498.414524
177,1823,0.0,49.222982,7.086908,-2316656.977557,41607.439729
178,1822,0.0,49.14764,7.044559,-2316706.125197,41715.815614
179,1821,0.0,49.072653,7.002584,-2316755.197851,41823.547881
180,1820,0.0,48.998022,6.960979,-2316804.195872,41930.642159
181,1819,0.0,48.923748,6.919737,-2316853.11962,42037.104005
182,1818,0.0,48.849832,6.878855,-2316901.969452,42142.9389
183,1817,0.0,48.776277,6.838328,-2316950.745729,42248.152257
184,1816,0.0,48.703081,6.798151,-2316999.44881,42352.74942
185,1815,0.0,48.630247,6.75832,-2317048.079058,42456.735662
186,1814,0.0,24.821678,6.71883,-2317072.900735,42560.11619
187,1813,0.0,2.112448,6.679677,-2317075.013183,42662.896147
188,1812,0.0,2.121051,6.640856,-2317077.134234,42765.080607
189,1811,0.0,2.129374,6.602364,-2317079.263608,42866.674586
190,1810,0.0,2.137425,6.564197,-2317081.401032,42967.683031
191,1809,0.0,2.145211,6.526349,-2317083.546244,43068.110833
192,1808,0.0,2.152741,6.488818,-2317085.698984,43167.962819
193,1807,0.0,2.16002,6.4516,-2317087.859004,43267.243759
194,1806,0.0,2.167057,6.414689,-2317090.026061,43365.958362
195,1805,0.0,2.173857,6.378084,-2317092.199918,43464.111283
196,1804,0.0,2.180428,6.341779,-2317094.380346,43561.707117
197,1803,0.0,2.186775,6.305772,-2317096.567121,43658.750406
198,1802,0.0,2.192905,6.270059,-2317098.760025,43755.245636
199,1801,0.0,2.198823,6.234636,-2317100.958849,43851.19724
200,1800,0.0,2.204536,6.199499,-2317103.163385,43946.609599
201,1799,0.0,2.210049,6.164646,-2317105.373434,44041.48704
202,1798,0.0,2.215368,6.130073,-2317107.588802,44135.833841
203,1797,0.0,2.220497,6.095776,-2317109.809299,44229.654228
204,1796,0.0,2.225442,6.061753,-2317112.034741,44322.952379
205,1795,0.0,2.230208,6.028,-2317114.264949,44415.732422
206,1794,0.0,2.234799,5.994515,-2317116.499748,44507.99844
207,1793,0.0,2.239221,5.961293,-2317118.73897,44599.754465
208,1792,0.0,2.243478,5.928332,-2317120.982447,44691.004485
209,1791,0.0,2.247574,5.895629,-2317123.230021,44781.752443
210,1790,0.0,2.251513,5.86318,-2317125.481534,44872.002234
211,1789,0.0,2.2553,5.830984,-2317127.736834,44961.757713
212,1788,0.0,2.258939,5.799037,-2317129.995772,45051.022689
213,1787,0.0,2.262433,5.767337,-2317132.258205,45139.800928
214,1786,0.0,2.265787,5.73588,-2317134.523992,45228.096154
215,1785,0.0,2.269004,5.704664,-2317136.792996,45315.912051
216,1784,0.0,2.272087,5.673686,-2317139.065083,45403.252261
217,1783,0.0,2.275041,5.642944,-2317141.340124,45490.120386
218,1782,0.0,2.277869,5.612434,-2317143.617993,45576.519988
219,1781,0.0,2.280574,5.582155,-2317145.898567,45662.45459
220,1780,0.0,2.283158,5.552104,-2317148.181725,45747.927677
221,1779,0.0,2.285626,5.522278,-2317150.467352,45832.942696
222,1778,0.0,2.287981,5.492675,-2317152.755333,45917.503057
223,1777,0.0,2.290224,5.463292,-2317155.045557,46001.612132
224,1776,0.0,2.29236,5.434128,-2317157.337917,46085.273258
225,1775,0.0,2.294391,5.405179,-2317159.632309,46168.489737
226,1774,0.0,2.29632,5.376444,-2317161.928628,46251.264834
227,1773,0.0,2.298149,5.34792,-2317164.226777,46333.601781
228,1772,0.0,2.29988,5.319605,-2317166.526657,46415.503774
229,1771,0.0,2.301518,5.291497,-2317168.828175,46496.973977
230,1770,0.0,2.303063,5.263593,-2317171.131238,46578.015522
231,1769,0.0,2.304518,5.235892,-2317173.435756,46658.631505
232,1768,0.0,2.305886,5.208391,-2317175.741642,46738.824992
233,1767,0.0,2.307169,5.181088,-2317178.04881,46818.599017
234,1766,0.0,2.308368,5.153981,-2317180.357178,46897.956583
235,1765,0.0,2.309487,5.127069,-2317182.666665,46976.900661
236,1764,0.0,2.310527,5.100348,-2317184.977192,47055.434193
237,1763,0.0,2.31149,5.073818,-2317187.288682,47133.56009
238,1762,0.0,2.312378,5.047476,-2317189.60106,47211.281234
239,1761,0.0,1.201227,5.02132,-2317190.802288,47288.600477
240,1760,0.0,0.466602,4.995349,-2317191.268889,47365.520644
241,1759,0.0,0.470307,4.96956,-2317191.739196,47442.04453
242,1758,0.0,0.473925,4.943952,-2317192.213121,47518.174903
243,1757,0.0,0.477457,4.918523,-2317192.690579,47593.914502
244,1756,0.0,0.480906,4.893272,-2317193.171484,47669.266042
245,1755,0.0,0.484272,4.868195,-2317193.655757,47744.232207
246,1754,0.0,0.487558,4.843292,-2317194.143315,47818.815657
247,1753,0.0,0.490766,4.818562,-2317194.634081,47893.019027
248,1752,0.0,0.493897,4.794001,-2317195.127979,47966.844923
249,1751,0.0,0.496953,4.769609,-2317195.624932,48040.295928
250,1750,0.0,0.499936,4.745384,-2317196.124868,48113.374599
251,1749,0.0,0.502846,4.721324,-2317196.627714,48186.08347
252,1748,0.0,0.505686,4.697428,-2317197.1334,48258.425047
253,1747,0.0,0.508458,4.673694,-2317197.641858,48330.401815
254,1746,0.0,0.511162,4.650121,-2317198.15302,48402.016235
255,1745,0.0,0.5138,4.626707,-2317198.66682,48473.270743
256,1744,0.0,0.516373,4.60345,-2317199.183193,48544.167753
257,1743,0.0,0.518883,4.580349,-2317199.702076,48614.709656
258,1742,0.0,0.521332,4.557403,-2317200.223408,48684.89882
259,1741,0.0,0.52372,4.53461,-2317200.747127,48754.73759
260,1740,0.0,0.526048,4.511969,-2317201.273176,48824.228292
261,1739,0.0,0.528319,4.489478,-2317201.801494,48893.373228
262,1738,0.0,0.530532,4.467135,-2317202.332027,48962.174678
263,1737,0.0,0.532691,4.44494,-2317202.864717,49030.634902
264,1736,0.0,0.534794,4.422892,-2317203.399511,49098.75614
265,1735,0.0,0.536844,4.400988,-2317203.936356,49166.540609
266,1734,0.0,0.538843,4.379227,-2317204.475198,49233.990507
267,1733,0.0,0.54079,4.357608,-2317205.015988,49301.108013
268,1732,0.0,0.542686,4.33613,-2317205.558674,49367.895284
269,1731,0.0,0.544534,4.314792,-2317206.103209,49434.354458
270,1730,0.0,0.546334,4.293592,-2317206.649543,49500.487656
271,1729,0.0,0.548087,4.272529,-2317207.19763,49566.296976
272,1728,0.0,0.549794,4.251602,-2317207.747424,49631.784499
273,1727,0.0,0.551456,4.230809,-2317208.298879,49696.952289
274,1726,0.0,0.553073,4.210149,-2317208.851952,49761.802389
275,1725,0.0,0.554647,4.189622,-2317209.4066,49826.336825
276,1724,0.0,0.556179,4.169225,-2317209.962779,49890.557604
277,1723,0.0,0.557669,4.148958,-2317210.520448,49954.466717
278,1722,0.0,0.559119,4.12882,-2317211.079567,50018.066136
279,1721,0.0,0.560529,4.10881,-2317211.640096,50081.357816
280,1720,0.0,0.561899,4.088925,-2317212.201995,50144.343695
281,1719,0.0,0.563232,4.069166,-2317212.765227,50207.025695
282,1718,0.0,0.564527,4.049532,-2317213.329754,50269.405719
283,1717,0.0,0.565785,4.03002,-2317213.895539,50331.485655
284,1716,0.0,0.567007,4.01063,-2317214.462546,50393.267376
285,1715,0.0,0.568194,3.991361,-2317215.030741,50454.752735
286,1714,0.0,0.569347,3.972213,-2317215.600087,50515.943574
287,1713,0.0,0.570466,3.953183,-2317216.170553,50576.841714
288,1712,0.0,0.571551,3.934271,-2317216.742104,50637.448965
289,1711,0.0,0.572604,3.915475,-2317217.314708,50697.767119
290,1710,0.0,0.573625,3.896796,-2317217.888333,50757.797953
291,1709,0.0,0.574615,3.878231,-2317218.462948,50817.54323
292,1708,0.0,0.575575,3.859781,-2317219.038523,50877.004698
293,1707,0.0,0.576504,3.841443,-2317219.615027,50936.184088
294,1706,0.0,0.577404,3.823218,-2317220.192431,50995.08312
295,1705,0.0,0.578275,3.805103,-2317220.770706,51053.703497
296,1704,0.0,0.579118,3.787099,-2317221.349825,51112.046909
297,1703,0.0,0.579934,3.769203,-2317221.929758,51170.115032
298,1702,0.0,0.580722,3.751416,-2317222.510481,51227.909527
299,1701,0.0,0.581484,3.733737,-2317223.091964,51285.432042
300,1700,0.0,0.58222,3.716164,-2317223.674184,51342.684213
301,1699,0.0,0.58293,3.698696,-2317224.257114,51399.667659
302,1698,0.0,0.583615,3.681334,-2317224.840729,51456.383989
303,1697,0.0,0.584276,3.664075,-2317225.425005,51512.834797
304,1696,0.0,0.584913,3.646919,-2317226.009918,51569.021665
305,1695,0.0,0.585526,3.629866,-2317226.595444,51624.946162
306,1694,0.0,0.586116,3.612914,-2317227.181559,51680.609844
307,1693,0.0,0.586683,3.596062,-2317227.768243,51736.014254
308,1692,0.0,0.587229,3.579311,-2317228.355471,51791.160924
309,1691,0.0,0.587752,3.562658,-2317228.943224,51846.051371
310,1690,0.0,0.588255,3.546103,-2317229.531478,51900.687104
311,1689,0.0,0.588736,3.529646,-2317230.120214,51955.069616
312,1688,0.0,0.589197,3.513285,-2317230.709411,52009.200391
313,1687,0.0,0.589638,3.49702,-2317231.299049,52063.080899
314,1686,0.0,0.590059,3.48085,-2317231.889108,52116.712599
315,1685,0.0,0.590461,3.464775,-2317232.479569,52170.09694
316,1684,0.0,0.590844,3.448793,-2317233.070413,52223.235358
317,1683,0.0,0.591208,3.432904,-2317233.661621,52276.129278
318,1682,0.0,0.591555,3.417107,-2317234.253176,52328.780114
319,1681,0.0,0.591883,3.401401,-2317234.845059,52381.18927
320,1680,0.0,0.592194,3.385787,-2317235.437253,52433.358136
321,1679,0.0,0.592488,3.370262,-2317236.029742,52485.288094
322,1678,0.0,0.592765,3.354826,-2317236.622507,52536.980516
323,1677,0.0,0.593026,3.339479,-2317237.215533,52588.43676
324,1676,0.0,0.593271,3.324219,-2317237.808804,52639.658176
325,1675,0.0,0.5935,3.309047,-2317238.402304,52690.646104
326,1674,0.0,0.593713,3.293962,-2317238.996017,52741.401873
327,1673,0.0,0.593911,3.278962,-2317239.589928,52791.9268
328,1672,0.0,0.594095,3.264048,-2317240.184023,52842.222196
329,1671,0.0,0.594263,3.249218,-2317240.778287,52892.289358
330,1670,0.0,0.594418,3.234472,-2317241.372704,52942.129575
331,1669,0.0,0.594558,3.21981,-2317241.967263,52991.744127
332,1668,0.0,0.594685,3.20523,-2317242.561948,53041.134283
333,1667,0.0,0.594798,3.190732,-2317243.156746,53090.301303
334,1666,0.0,0.594898,3.176315,-2317243.751644,53139.246438
335,1665,0.0,0.594985,3.161979,-2317244.34663,53187.970929
336,1664,0.0,0.59506,3.147724,-2317244.94169,53236.476007
337,1663,0.0,0.595122,3.133548,-2317245.536812,53284.762896
338,1662,0.0,0.595172,3.119451,-2317246.131983,53332.832809
339,1661,0.0,0.59521,3.105433,-2317246.727193,53380.686951
340,1660,0.0,0.595236,3.091492,-2317247.322429,53428.326518
341,1659,0.0,0.595251,3.077629,-2317247.91768,53475.752696
342,1658,0.0,0.595254,3.063842,-2317248.512934,53522.966665
343,1657,0.0,0.595247,3.050132,-2317249.10818,53569.969593
344,1656,0.0,0.595228,3.036497,-2317249.703409,53616.762642
345,1655,0.0,0.5952,3.022937,-2317250.298608,53663.346964
346,1654,0.0,0.59516,3.009452,-2317250.893769,53709.723704
347,1653,0.0,0.595111,2.996041,-2317251.48888,53755.893997
348,1652,0.0,0.595052,2.982703,-2317252.083931,53801.858972
349,1651,0.0,0.594983,2.969437,-2317252.678914,53847.619747
350,1650,0.0,0.594904,2.956245,-2317253.273818,53893.177435
351,1649,0.0,0.594816,2.943124,-2317253.868634,53938.533139
352,1648,0.0,0.594719,2.930074,-2317254.463353,53983.687954
353,1647,0.0,0.594613,2.917095,-2317255.057966,54028.642968
354,1646,0.0,0.594498,2.904187,-2317255.652464,54073.399262
355,1645,0.0,0.594374,2.891348,-2317256.246838,54117.957908
356,1644,0.0,0.594242,2.878578,-2317256.841081,54162.31997
357,1643,0.0,0.594102,2.865878,-2317257.435183,54206.486505
358,1642,0.0,0.593954,2.853245,-2317258.029137,54250.458564
359,1641,0.0,0.593798,2.840681,-2317258.622934,54294.237189
360,1640,0.0,0.593634,2.828184,-2317259.216568,54337.823414
361,1639,0.0,0.593462,2.815753,-2317259.81003,54381.218268
362,1638,0.0,0.593283,2.803389,-2317260.403312,54424.422771
363,1637,0.0,0.593096,2.791091,-2317260.996409,54467.437936
364,1636,0.0,0.592903,2.778859,-2317261.589311,54510.26477
365,1635,0.0,0.592702,2.766692,-2317262.182013,54552.904272
366,1634,0.0,0.592495,2.754589,-2317262.774508,54595.357435
367,1633,0.0,0.59228,2.74255,-2317263.366789,54637.625244
368,1632,0.0,0.59206,2.730575,-2317263.958848,54679.708678
369,1631,0.0,0.591833,2.718663,-2317264.550681,54721.608709
370,1630,0.0,0.591599,2.706814,-2317265.14228,54763.326302
371,1629,0.0,0.59136,2.695028,-2317265.73364,54804.862417
372,1628,0.0,0.591114,2.683303,-2317266.324754,54846.218005
373,1627,0.0,0.590862,2.67164,-2317266.915616,54887.394012
374,1626,0.0,0.590605,2.660038,-2317267.506221,54928.391377
375,1625,0.0,0.590342,2.648496,-2317268.096563,54969.211033
376,1624,0.0,0.590074,2.637015,-2317268.686637,55009.853907
377,1623,0.0,0.5898,2.625594,-2317269.276436,55050.320919
378,1622,0.0,0.58952,2.614232,-2317269.865957,55090.612983
379,1621,0.0,0.589236,2.60293,-2317270.455193,55130.731007
380,1620,0.0,0.588946,2.591686,-2317271.044139,55170.675893
381,1619,0.0,0.588652,2.5805,-2317271.632791,55210.448536
382,1618,0.0,0.588353,2.569372,-2317272.221144,55250.049827
383,1617,0.0,0.588049,2.558302,-2317272.809193,55289.480649
384,1616,0.0,0.58774,2.547289,-2317273.396933,55328.74188
385,1615,0.0,0.587427,2.536332,-2317273.98436,55367.834392
386,1614,0.0,0.587109,2.525432,-2317274.571469,55406.759053
387,1613,0.0,0.586787,2.514588,-2317275.158256,55445.516721
388,1612,0.0,0.586461,2.503799,-2317275.744717,55484.108253
389,1611,0.0,0.586131,2.493066,-2317276.330848,55522.534497
390,1610,0.0,0.585797,2.482387,-2317276.916645,55560.796297
391,1609,0.0,0.585458,2.471764,-2317277.502103,55598.894492
392,1608,0.0,0.585116,2.461194,-2317278.087219,55636.829914
393,1607,0.0,0.58477,2.450678,-2317278.671989,55674.60339
394,1606,0.0,0.58442,2.440215,-2317279.256409,55712.215743
395,1605,0.0,0.584067,2.429806,-2317279.840477,55749.667788
396,1604,0.0,0.58371,2.419449,-2317280.424187,55786.960337
397,1603,0.0,0.58335,2.409145,-2317281.007538,55824.094196
398,1602,0.0,0.582987,2.398893,-2317281.590524,55861.070166
399,1601,0.0,0.58262,2.388692,-2317282.173145,55897.889042
400,1600,0.0,0.58225,2.378543,-2317282.755395,55934.551614
401,1599,0.0,0.581877,2.368445,-2317283.337272,55971.058669
402,1598,0.0,0.581501,2.358398,-2317283.918773,56007.410986
403,1597,0.0,0.581122,2.348401,-2317284.499895,56043.609341
404,1596,0.0,0.58074,2.338455,-2317285.080635,56079.654504
405,1595,0.0,0.580355,2.328558,-2317285.66099,56115.54724
406,1594,0.0,0.579968,2.31871,-2317286.240958,56151.288311
407,1593,0.0,0.579578,2.308912,-2317286.820536,56186.878472
408,1592,0.0,0.579185,2.299163,-2317287.399721,56222.318474
409,1591,0.0,0.57879,2.289462,-2317287.978511,56257.609063
410,1590,0.0,0.578392,2.279809,-2317288.556903,56292.750981
411,1589,0.0,0.577992,2.270204,-2317289.134895,56327.744965
412,1588,0.0,0.577589,2.260647,-2317289.712485,56362.591747
413,1587,0.0,0.577185,2.251137,-2317290.289669,56397.292054
414,1586,0.0,0.576778,2.241674,-2317290.866447,56431.84661
415,1585,0.0,0.576369,2.232258,-2317291.442816,56466.256134
416,1584,0.0,0.575957,2.222888,-2317292.018773,56500.521338
417,1583,0.0,0.575544,2.213565,-2317292.594317,56534.642934
418,1582,0.0,0.575129,2.204287,-2317293.169446,56568.621625
419,1581,0.0,0.574712,2.195055,-2317293.744158,56602.458114
420,1580,0.0,0.574293,2.185868,-2317294.318451,56636.153097
421,1579,0.0,0.573872,2.176726,-2317294.892323,56669.707265
422,1578,0.0,0.573449,2.167629,-2317295.465772,56703.121307
423,1577,0.0,0.573025,2.158576,-2317296.038797,56736.395907
424,1576,0.0,0.572599,2.149567,-2317296.611396,56769.531744
425,1575,0.0,0.572172,2.140603,-2317297.183568,56802.529493
426,1574,0.0,0.571743,2.131682,-2317297.755311,56835.389825
427,1573,0.0,0.571312,2.122804,-2317298.326623,56868.113409
428,1572,0.0,0.57088,2.11397,-2317298.897503,56900.700906
429,1571,0.0,0.570446,2.105178,-2317299.467949,56933.152976
430,1570,0.0,0.570012,2.096429,-2317300.037961,56965.470273
431,1569,0.0,0.569575,2.087722,-2317300.607536,56997.65345
432,1568,0.0,0.569138,2.079057,-2317301.176674,57029.703153
433,1567,0.0,0.568699,2.070434,-2317301.745374,57061.620024
434,1566,0.0,0.56826,2.061853,-2317302.313633,57093.404705
435,1565,0.0,0.567819,2.053313,-2317302.881452,57125.057829
436,1564,0.0,0.567377,2.044814,-2317303.448828,57156.580029
437,1563,0.0,0.566933,2.036356,-2317304.015762,57187.971932
438,1562,0.0,0.566489,2.027938,-2317304.582251,57219.234163
439,1561,0.0,0.566044,2.019561,-2317305.148295,57250.367342
440,1560,0.0,0.565598,2.011224,-2317305.713893,57281.372085
441,1559,0.0,0.565151,2.002926,-2317306.279045,57312.249006
442,1558,0.0,0.564703,1.994669,-2317306.843748,57342.998714
443,1557,0.0,0.564255,1.98645,-2317307.408003,57373.621815
444,1556,0.0,0.563805,1.978271,-2317307.971808,57404.118911
445,1555,0.0,0.563355,1.970131,-2317308.535163,57434.4906
446,1554,0.0,0.562904,1.962029,-2317309.098067,57464.737478
447,1553,0.0,0.562453,1.953966,-2317309.660519,57494.860136
448,1552,0.0,0.562,1.945941,-2317310.22252,57524.859162
449,1551,0.0,0.561547,1.937954,-2317310.784067,57554.735141
450,1550,0.0,0.561094,1.930004,-2317311.345161,57584.488655
451,1549,0.0,0.56064,1.922093,-2317311.905801,57614.12028
452,1548,0.0,0.560185,1.914218,-2317312.465986,57643.630591
453,1547,0.0,0.55973,1.906381,-2317313.025717,57673.020159
454,1546,0.0,0.559275,1.898581,-2317313.584991,57702.289553
455,1545,0.0,0.558819,1.890817,-2317314.14381,57731.439336
456,1544,0.0,0.558363,1.88309,-2317314.702173,57760.47007
457,1543,0.0,0.557906,1.875399,-2317315.260079,57789.382313
458,1542,0.0,0.557449,1.867744,-2317315.817527,57818.176619
459,1541,0.0,0.556991,1.860125,-2317316.374519,57846.85354
460,1540,0.0,0.556534,1.852542,-2317316.931053,57875.413624
461,1539,0.0,0.556076,1.844994,-2317317.487129,57903.857416
462,1538,0.0,0.555618,1.837481,-2317318.042746,57932.185459
463,1537,0.0,0.555159,1.830003,-2317318.597906,57960.398291
464,1536,0.0,0.554701,1.82256,-2317319.152606,57988.496449
465,1535,0.0,0.554242,1.815152,-2317319.706848,58016.480464
466,1534,0.0,0.553783,1.807778,-2317320.260632,58044.350867
467,1533,0.0,0.553324,1.800438,-2317320.813956,58072.108184
468,1532,0.0,0.552865,1.793133,-2317321.366821,58099.752939
469,1531,0.0,0.552406,1.785861,-2317321.919227,58127.285654
470,1530,0.0,0.551947,1.778623,-2317322.471174,58154.706845
471,1529,0.0,0.551488,1.771418,-2317323.022662,58182.017027
472,1528,0.0,0.551028,1.764246,-2317323.57369,58209.216713
473,1527,0.0,0.550569,1.757108,-2317324.124259,58236.306412
474,1526,0.0,0.55011,1.750003,-2317324.67437,58263.28663
475,1525,0.0,0.549651,1.74293,-2317325.224021,58290.157869
476,1524,0.0,0.549192,1.73589,-2317325.773213,58316.920632
477,1523,0.0,0.548733,1.728882,-2317326.321946,58343.575414
478,1522,0.0,0.548275,1.721906,-2317326.870221,58370.122712
479,1521,0.0,0.547816,1.714962,-2317327.418037,58396.563018
480,1520,0.0,0.547358,1.70805,-2317327.965394,58422.896821
481,1519,0.0,0.546899,1.70117,-2317328.512294,58449.124607
482,1518,0.0,0.546441,1.694321,-2317329.058735,58475.246861
483,1517,0.0,0.545983,1.687503,-2317329.604718,58501.264064
484,1516,0.0,0.545526,1.680717,-2317330.150244,58527.176694
485,1515,0.0,0.545068,1.673961,-2317330.695313,58552.985228
486,1514,0.0,0.544611,1.667236,-2317331.239924,58578.690139
487,1513,0.0,0.544155,1.660542,-2317331.784078,58604.291898
488,1512,0.0,0.543698,1.653878,-2317332.327777,58629.790973
489,1511,0.0,0.543242,1.647244,-2317332.871018,58655.187829
490,1510,0.0,0.542786,1.640641,-2317333.413804,58680.482929
491,1509,0.0,0.542331,1.634067,-2317333.956135,58705.676734
492,1508,0.0,0.541875,1.627523,-2317334.49801,58730.769702
493,1507,0.0,0.541421,1.621009,-2317335.039431,58755.762289
494,1506,0.0,0.540966,1.614524,-2317335.580397,58780.654947
495,1505,0.0,0.540512,1.608069,-2317336.12091,58805.448126
496,1504,0.0,0.540059,1.601642,-2317336.660969,58830.142275
497,1503,0.0,0.539606,1.595245,-2317337.200574,58854.73784
498,1502,0.0,0.539153,1.588876,-2317337.739727,58879.235263
499,1501,0.0,0.538701,1.582536,-2317338.278428,58903.634985
500,1500,0.0,0.538249,1.576224,-2317338.816677,58927.937446
501,1499,0.0,0.537798,1.569941,-2317339.354475,58952.143079
502,1498,0.0,0.537347,1.563685,-2317339.891823,58976.252321
503,1497,0.0,0.536897,1.557458,-2317340.42872,59000.265601
504,1496,0.0,0.536447,1.551259,-2317340.965167,59024.183348
505,1495,0.0,0.535998,1.545087,-2317341.501165,59048.005991
506,1494,0.0,0.53555,1.538943,-2317342.036715,59071.733952
507,1493,0.0,0.535102,1.532827,-2317342.571816,59095.367654
508,1492,0.0,0.534654,1.526738,-2317343.10647,59118.907516
509,1491,0.0,0.534207,1.520675,-2317343.640677,59142.353958
510,1490,0.0,0.533761,1.51464,-2317344.174438,59165.707393
511,1489,0.0,0.533315,1.508632,-2317344.707754,59188.968235
512,1488,0.0,0.53287,1.50265,-2317345.240624,59212.136896
513,1487,0.0,0.532426,1.496695,-2317345.773049,59235.213783
514,1486,0.0,0.059842,1.490766,-2317345.832891,59258.199303
515,1485,0.0,0.039085,1.484864,-2317345.793806,59281.093862
516,1484,0.0,0.038797,1.478988,-2317345.755008,59303.897861
517,1483,0.0,0.038512,1.473137,-2317345.716496,59326.611701
518,1482,0.0,0.03823,1.467313,-2317345.678267,59349.235779
519,1481,0.0,0.037949,1.461514,-2317345.640317,59371.770492
520,1480,0.0,0.037672,1.455741,-2317345.602645,59394.216233
521,1479,0.0,0.037396,1.449993,-2317345.565249,59416.573395
522,1478,0.0,0.037123,1.444271,-2317345.528126,59438.842367
523,1477,0.0,0.036853,1.438574,-2317345.491273,59461.023537
524,1476,0.0,0.036584,1.432901,-2317345.454689,59483.11729
525,1475,0.0,0.036318,1.427254,-2317345.418371,59505.124011
526,1474,0.0,0.036054,1.421632,-2317345.382316,59527.044081
527,1473,0.0,0.035793,1.416034,-2317345.346524,59548.87788
528,1472,0.0,0.035534,1.410461,-2317345.31099,59570.625785
529,1471,0.0,0.035277,1.404912,-2317345.275713,59592.288172
530,1470,0.0,0.035022,1.399387,-2317345.240692,59613.865416
531,1469,0.0,0.034769,1.393887,-2317345.205922,59635.357887
532,1468,0.0,0.034518,1.38841,-2317345.171404,59656.765957
533,1467,0.0,0.03427,1.382958,-2317345.137134,59678.089992
534,1466,0.0,0.034024,1.377529,-2317345.10311,59699.330359
535,1465,0.0,0.033779,1.372124,-2317345.069331,59720.487423
536,1464,0.0,0.033537,1.366743,-2317345.035794,59741.561545
537,1463,0.0,0.033297,1.361384,-2317345.002497,59762.553087
538,1462,0.0,0.033059,1.35605,-2317344.969438,59783.462406
539,1461,0.0,0.032823,1.350738,-2317344.936615,59804.28986
540,1460,0.0,0.032589,1.345449,-2317344.904026,59825.035804
541,1459,0.0,0.032357,1.340184,-2317344.871669,59845.70059
542,1458,0.0,0.032126,1.334941,-2317344.839543,59866.284571
543,1457,0.0,0.031898,1.329721,-2317344.807645,59886.788095
544,1456,0.0,0.031672,1.324523,-2317344.775974,59907.211511
545,1455,0.0,0.031447,1.319348,-2317344.744526,59927.555164
546,1454,0.0,0.031224,1.314195,-2317344.713302,59947.819399
547,1453,0.0,0.031004,1.309065,-2317344.682298,59968.004558
548,1452,0.0,0.030785,1.303956,-2317344.651513,59988.110983
549,1451,0.0,0.030568,1.29887,-2317344.620946,60008.139011
550,1450,0.0,0.030352,1.293805,-2317344.590593,60028.08898
551,1449,0.0,0.030139,1.288763,-2317344.560455,60047.961227
552,1448,0.0,0.029927,1.283742,-2317344.530528,60067.756084
553,1447,0.0,0.029717,1.278742,-2317344.500811,60087.473885
554,1446,0.0,0.029509,1.273764,-2317344.471302,60107.114959
555,1445,0.0,0.029302,1.268808,-2317344.442,60126.679636
556,1444,0.0,0.029097,1.263872,-2317344.412903,60146.168242
557,1443,0.0,0.028894,1.258958,-2317344.384009,60165.581104
558,1442,0.0,0.028692,1.254065,-2317344.355316,60184.918545
559,1441,0.0,0.028493,1.249193,-2317344.326824,60204.180888
560,1440,0.0,0.028294,1.244341,-2317344.298529,60223.368453
561,1439,0.0,0.028098,1.239511,-2317344.270432,60242.48156
562,1438,0.0,0.027903,1.2347,-2317344.242529,60261.520526
563,1437,0.0,0.027709,1.229911,-2317344.21482,60280.485668
564,1436,0.0,0.027517,1.225142,-2317344.187302,60299.377298
565,1435,0.0,0.027327,1.220393,-2317344.159975,60318.195731
566,1434,0.0,0.027138,1.215664,-2317344.132837,60336.941277
567,1433,0.0,0.026951,1.210956,-2317344.105886,60355.614247
568,1432,0.0,0.026765,1.206267,-2317344.07912,60374.214948
569,1431,0.0,0.026581,1.201599,-2317344.052539,60392.743687
570,1430,0.0,0.026399,1.19695,-2317344.026141,60411.200769
571,1429,0.0,0.026217,1.192321,-2317343.999923,60429.586499
572,1428,0.0,0.026037,1.187711,-2317343.973886,60447.901177
573,1427,0.0,0.025859,1.183121,-2317343.948027,60466.145105
574,1426,0.0,0.025682,1.178551,-2317343.922344,60484.318582
575,1425,0.0,0.025507,1.173999,-2317343.896838,60502.421905
576,1424,0.0,0.025333,1.169467,-2317343.871505,60520.455371
577,1423,0.0,0.02516,1.164955,-2317343.846345,60538.419275
578,1422,0.0,0.024989,1.160461,-2317343.821356,60556.313909
579,1421,0.0,0.024819,1.155986,-2317343.796537,60574.139567
580,1420,0.0,0.02465,1.15153,-2317343.771887,60591.896538
581,1419,0.0,0.024483,1.147093,-2317343.747404,60609.585111
582,1418,0.0,0.024317,1.142674,-2317343.723087,60627.205574
583,1417,0.0,0.024153,1.138274,-2317343.698934,60644.758214
584,1416,0.0,0.023989,1.133893,-2317343.674945,60662.243315
585,1415,0.0,0.023827,1.12953,-2317343.651118,60679.66116
586,1414,0.0,0.023667,1.125185,-2317343.627451,60697.012032
587,1413,0.0,0.023507,1.120858,-2317343.603944,60714.296212
588,1412,0.0,0.023349,1.11655,-2317343.580595,60731.513979
589,1411,0.0,0.023192,1.11226,-2317343.557402,60748.66561
590,1410,0.0,0.023036,1.107987,-2317343.534366,60765.751383
591,1409,0.0,0.022882,1.103733,-2317343.511484,60782.771573
592,1408,0.0,0.022729,1.099496,-2317343.488755,60799.726454
593,1407,0.0,0.022577,1.095277,-2317343.466178,60816.616298
594,1406,0.0,0.022426,1.091076,-2317343.443753,60833.441378
595,1405,0.0,0.022276,1.086892,-2317343.421476,60850.201962
596,1404,0.0,0.022128,1.082725,-2317343.399348,60866.89832
597,1403,0.0,0.02198,1.078576,-2317343.377368,60883.53072
598,1402,0.0,0.021834,1.074445,-2317343.355534,60900.099427
599,1401,0.0,0.021689,1.07033,-2317343.333844,60916.604707
600,1400,0.0,0.021545,1.066233,-2317343.312299,60933.046823
601,1399,0.0,0.021403,1.062152,-2317343.290897,60949.426037
602,1398,0.0,0.021261,1.058089,-2317343.269636,60965.742611
603,1397,0.0,0.02112,1.054042,-2317343.248515,60981.996805
604,1396,0.0,0.020981,1.050012,-2317343.227535,60998.188877
605,1395,0.0,0.020842,1.045999,-2317343.206692,61014.319085
606,1394,0.0,0.020705,1.042003,-2317343.185987,61030.387684
607,1393,0.0,0.020569,1.038023,-2317343.165418,61046.394931
608,1392,0.0,0.020434,1.034059,-2317343.144985,61062.341078
609,1391,0.0,0.020299,1.030112,-2317343.124685,61078.226379
610,1390,0.0,0.020166,1.026182,-2317343.104519,61094.051084
611,1389,0.0,0.020034,1.022267,-2317343.084485,61109.815445
612,1388,0.0,0.019903,1.018369,-2317343.064582,61125.519709
613,1387,0.0,0.019773,1.014487,-2317343.044809,61141.164125
614,1386,0.0,0.019644,1.01062,-2317343.025165,61156.74894
615,1385,0.0,0.019516,1.00677,-2317343.00565,61172.274398
616,1384,0.0,0.019389,1.002936,-2317342.986261,61187.740745
617,1383,0.0,0.019262,0.999117,-2317342.966999,61203.148223
618,1382,0.0,0.019137,0.995314,-2317342.947862,61218.497076
619,1381,0.0,0.019013,0.991527,-2317342.928849,61233.787542
620,1380,0.0,0.01889,0.987755,-2317342.909959,61249.019863
621,1379,0.0,0.018767,0.983999,-2317342.891192,61264.194277
622,1378,0.0,0.018646,0.980258,-2317342.872546,61279.311022
623,1377,0.0,0.018525,0.976533,-2317342.854021,61294.370334
624,1376,0.0,0.018406,0.972822,-2317342.835615,61309.372448
625,1375,0.0,0.018287,0.969127,-2317342.817328,61324.317599
626,1374,0.0,0.018169,0.965447,-2317342.799159,61339.206019
627,1373,0.0,0.018052,0.961783,-2317342.781107,61354.037942
628,1372,0.0,0.017936,0.958133,-2317342.763171,61368.813598
629,1371,0.0,0.017821,0.954498,-2317342.74535,61383.533216
630,1370,0.0,0.017707,0.950878,-2317342.727643,61398.197026
631,1369,0.0,0.017593,0.947273,-2317342.71005,61412.805256
632,1368,0.0,0.017481,0.943682,-2317342.692569,61427.358132
633,1367,0.0,0.017369,0.940106,-2317342.6752,61441.85588
634,1366,0.0,0.017258,0.936545,-2317342.657942,61456.298724
635,1365,0.0,0.017148,0.932998,-2317342.640794,61470.686889
636,1364,0.0,0.017039,0.929466,-2317342.623755,61485.020596
637,1363,0.0,0.01693,0.925948,-2317342.606825,61499.300068
638,1362,0.0,0.016823,0.922444,-2317342.590002,61513.525524
639,1361,0.0,0.016716,0.918955,-2317342.573286,61527.697185
640,1360,0.0,0.01661,0.91548,-2317342.556677,61541.815269
641,1359,0.0,0.016505,0.912019,-2317342.540172,61555.879993
642,1358,0.0,0.0164,0.908572,-2317342.523772,61569.891574
643,1357,0.0,0.016296,0.905139,-2317342.507476,61583.850228
644,1356,0.0,0.016193,0.901719,-2317342.491282,61597.756168
645,1355,0.0,0.016091,0.898314,-2317342.475191,61611.609609
646,1354,0.0,0.01599,0.894923,-2317342.459201,61625.410763
647,1353,0.0,0.015889,0.891545,-2317342.443312,61639.159841
648,1352,0.0,0.015789,0.888181,-2317342.427523,61652.857055
649,1351,0.0,0.01569,0.88483,-2317342.411832,61666.502614
650,1350,0.0,0.015592,0.881493,-2317342.396241,61680.096726
651,1349,0.0,0.015494,0.87817,-2317342.380747,61693.6396
652,1348,0.0,0.015397,0.87486,-2317342.36535,61707.131442
653,1347,0.0,0.015301,0.871563,-2317342.350049,61720.572458
654,1346,0.0,0.015205,0.86828,-2317342.334844,61733.962853
655,1345,0.0,0.01511,0.86501,-2317342.319734,61747.302831
656,1344,0.0,0.015016,0.861753,-2317342.304718,61760.592595
657,1343,0.0,0.014922,0.858509,-2317342.289796,61773.832347
658,1342,0.0,0.01483,0.855278,-2317342.274966,61787.022289
659,1341,0.0,0.014737,0.852061,-2317342.260229,61800.162621
660,1340,0.0,0.014646,0.848856,-2317342.245583,61813.253542
661,1339,0.0,0.014555,0.845664,-2317342.231028,61826.295251
662,1338,0.0,0.014465,0.842485,-2317342.216563,61839.287946
663,1337,0.0,0.014375,0.839318,-2317342.202187,61852.231823
664,1336,0.0,0.014287,0.836165,-2317342.1879,61865.127078
665,1335,0.0,0.014198,0.833024,-2317342.173702,61877.973906
666,1334,0.0,0.014111,0.829895,-2317342.159591,61890.772501
667,1333,0.0,0.014024,0.826779,-2317342.145567,61903.523056
668,1332,0.0,0.013938,0.823676,-2317342.13163,61916.225765
669,1331,0.0,0.013852,0.820585,-2317342.117778,61928.880817
670,1330,0.0,0.013767,0.817507,-2317342.104011,61941.488405
671,1329,0.0,0.013682,0.81444,-2317342.090329,61954.048717
672,1328,0.0,0.013598,0.811386,-2317342.076731,61966.561944
673,1327,0.0,0.013515,0.808345,-2317342.063215,61979.028271
674,1326,0.0,0.013432,0.805315,-2317342.049783,61991.447888
675,1325,0.0,0.01335,0.802297,-2317342.036433,62003.820981
676,1324,0.0,0.013269,0.799292,-2317342.023164,62016.147734
677,1323,0.0,0.013188,0.796299,-2317342.009976,62028.428333
678,1322,0.0,0.013108,0.793317,-2317341.996868,62040.662963
679,1321,0.0,0.013028,0.790347,-2317341.98384,62052.851805
680,1320,0.0,0.012949,0.787389,-2317341.970891,62064.995042
681,1319,0.0,0.01287,0.784443,-2317341.958021,62077.092856
682,1318,0.0,0.012792,0.781509,-2317341.945229,62089.145427
683,1317,0.0,0.012715,0.778586,-2317341.932514,62101.152936
684,1316,0.0,0.012638,0.775675,-2317341.919877,62113.115561
685,1315,0.0,0.012561,0.772776,-2317341.907316,62125.033481
686,1314,0.0,0.012485,0.769888,-2317341.89483,62136.906873
687,1313,0.0,0.01241,0.767011,-2317341.88242,62148.735914
688,1312,0.0,0.012335,0.764146,-2317341.870085,62160.52078
689,1311,0.0,0.012261,0.761293,-2317341.857824,62172.261646
690,1310,0.0,0.012187,0.75845,-2317341.845637,62183.958687
691,1309,0.0,0.012114,0.755619,-2317341.833523,62195.612076
692,1308,0.0,0.012041,0.752799,-2317341.821482,62207.221986
693,1307,0.0,0.011969,0.74999,-2317341.809513,62218.788589
694,1306,0.0,0.011897,0.747193,-2317341.797616,62230.312057
695,1305,0.0,0.011826,0.744406,-2317341.78579,62241.792559
696,1304,0.0,0.011755,0.741631,-2317341.774034,62253.230267
697,1303,0.0,0.011685,0.738866,-2317341.762349,62264.625349
698,1302,0.0,0.011615,0.736113,-2317341.750734,62275.977973
699,1301,0.0,0.011546,0.73337,-2317341.739187,62287.288307
700,1300,0.0,0.011477,0.730638,-2317341.72771,62298.556519
701,1299,0.0,0.011409,0.727917,-2317341.716301,62309.782773
702,1298,0.0,0.011341,0.725206,-2317341.704959,62320.967236
703,1297,0.0,0.011274,0.722507,-2317341.693685,62332.110073
704,1296,0.0,0.011207,0.719818,-2317341.682478,62343.211447
705,1295,0.0,0.011141,0.717139,-2317341.671337,62354.271521
706,1294,0.0,0.011075,0.714471,-2317341.660262,62365.290459
707,1293,0.0,0.011009,0.711814,-2317341.649253,62376.268421
708,1292,0.0,0.010944,0.709167,-2317341.638308,62387.20557
709,1291,0.0,0.01088,0.70653,-2317341.627429,62398.102066
710,1290,0.0,0.010816,0.703904,-2317341.616613,62408.958068
711,1289,0.0,0.010752,0.701288,-2317341.605861,62419.773736
712,1288,0.0,0.010689,0.698683,-2317341.595172,62430.549227
713,1287,0.0,0.010626,0.696087,-2317341.584546,62441.2847
714,1286,0.0,0.010564,0.693502,-2317341.573983,62451.980312
715,1285,0.0,0.010502,0.690927,-2317341.563481,62462.636219
716,1284,0.0,0.01044,0.688362,-2317341.553041,62473.252577
717,1283,0.0,0.010379,0.685807,-2317341.542662,62483.82954
718,1282,0.0,0.010318,0.683262,-2317341.532344,62494.367263
719,1281,0.0,0.010258,0.680727,-2317341.522086,62504.865899
720,1280,0.0,0.010198,0.678202,-2317341.511887,62515.325603
721,1279,0.0,0.010139,0.675687,-2317341.501749,62525.746525
722,1278,0.0,0.01008,0.673182,-2317341.491669,62536.128818
723,1277,0.0,0.010021,0.670687,-2317341.481648,62546.472632
724,1276,0.0,0.009963,0.668201,-2317341.471685,62556.778119
725,1275,0.0,0.009905,0.665725,-2317341.46178,62567.045427
726,1274,0.0,0.009847,0.663259,-2317341.451933,62577.274706
727,1273,0.0,0.00979,0.660802,-2317341.442142,62587.466104
728,1272,0.0,0.009734,0.658355,-2317341.432409,62597.61977
729,1271,0.0,0.009677,0.655917,-2317341.422731,62607.735849
730,1270,0.0,0.009622,0.653489,-2317341.41311,62617.81449
731,1269,0.0,0.009566,0.651071,-2317341.403544,62627.855837
732,1268,0.0,0.009511,0.648662,-2317341.394033,62637.860036
733,1267,0.0,0.009456,0.646262,-2317341.384577,62647.827232
734,1266,0.0,0.009402,0.643871,-2317341.375175,62657.757569
735,1265,0.0,0.009348,0.64149,-2317341.365828,62667.651189
736,1264,0.0,0.009294,0.639119,-2317341.356534,62677.508237
737,1263,0.0,0.009241,0.636756,-2317341.347293,62687.328854
738,1262,0.0,0.009188,0.634403,-2317341.338106,62697.113182
739,1261,0.0,0.009135,0.632058,-2317341.328971,62706.861362
740,1260,0.0,0.009083,0.629723,-2317341.319888,62716.573534
741,1259,0.0,0.009031,0.627397,-2317341.310857,62726.249838
742,1258,0.0,0.008979,0.62508,-2317341.301878,62735.890413
743,1257,0.0,0.008928,0.622772,-2317341.29295,62745.495398
744,1256,0.0,0.008877,0.620473,-2317341.284073,62755.064931
745,1255,0.0,0.008827,0.618183,-2317341.275247,62764.59915
746,1254,0.0,0.008776,0.615901,-2317341.26647,62774.098191
747,1253,0.0,0.008727,0.613629,-2317341.257744,62783.562191
748,1252,0.0,0.008677,0.611365,-2317341.249067,62792.991285
749,1251,0.0,0.008628,0.60911,-2317341.240439,62802.385608
750,1250,0.0,0.008579,0.606864,-2317341.23186,62811.745295
751,1249,0.0,0.00853,0.604627,-2317341.22333,62821.070481
752,1248,0.0,0.008482,0.602398,-2317341.214848,62830.361298
753,1247,0.0,0.008434,0.600178,-2317341.206414,62839.617879
754,1246,0.0,0.008386,0.597966,-2317341.198028,62848.840357
755,1245,0.0,0.008339,0.595763,-2317341.189688,62858.028863
756,1244,0.0,0.008292,0.593568,-2317341.181396,62867.18353
757,1243,0.0,0.008245,0.591382,-2317341.173151,62876.304486
758,1242,0.0,0.008199,0.589205,-2317341.164952,62885.391863
759,1241,0.0,0.008153,0.587036,-2317341.156798,62894.445789
760,1240,0.0,0.008107,0.584875,-2317341.148691,62903.466395
761,1239,0.0,0.008062,0.582722,-2317341.140629,62912.453808
762,1238,0.0,0.008017,0.580578,-2317341.132613,62921.408156
763,1237,0.0,0.007972,0.578442,-2317341.124641,62930.329568
764,1236,0.0,0.007927,0.576314,-2317341.116713,62939.218168
765,1235,0.0,0.007883,0.574195,-2317341.10883,62948.074085
766,1234,0.0,0.007839,0.572083,-2317341.100991,62956.897444
767,1233,0.0,0.007795,0.56998,-2317341.093196,62965.688369
768,1232,0.0,0.007752,0.567885,-2317341.085444,62974.446987
769,1231,0.0,0.007709,0.565798,-2317341.077736,62983.17342
770,1230,0.0,0.007666,0.563719,-2317341.07007,62991.867793
771,1229,0.0,0.007623,0.561648,-2317341.062446,63000.530229
772,1228,0.0,0.007581,0.559585,-2317341.054865,63009.160851
773,1227,0.0,0.007539,0.557529,-2317341.047326,63017.75978
774,1226,0.0,0.007497,0.555482,-2317341.039829,63026.327139
775,1225,0.0,0.007456,0.553443,-2317341.032373,63034.863048
776,1224,0.0,0.007415,0.551411,-2317341.024959,63043.367629
777,1223,0.0,0.007374,0.549387,-2317341.017585,63051.841001
778,1222,0.0,0.007333,0.547371,-2317341.010253,63060.283284
779,1221,0.0,0.007292,0.545363,-2317341.00296,63068.694598
780,1220,0.0,0.007252,0.543362,-2317340.995708,63077.07506
781,1219,0.0,0.007212,0.541369,-2317340.988495,63085.424789
782,1218,0.0,0.007173,0.539384,-2317340.981323,63093.743903
783,1217,0.0,0.007133,0.537406,-2317340.974189,63102.032519
784,1216,0.0,0.007094,0.535436,-2317340.967095,63110.290753
785,1215,0.0,0.007055,0.533473,-2317340.96004,63118.518723
786,1214,0.0,0.007017,0.531518,-2317340.953023,63126.716543
787,1213,0.0,0.006978,0.529571,-2317340.946045,63134.884328
788,1212,0.0,0.00694,0.52763,-2317340.939105,63143.022195
789,1211,0.0,0.006902,0.525698,-2317340.932203,63151.130256
790,1210,0.0,0.006865,0.523772,-2317340.925338,63159.208626
791,1209,0.0,0.006827,0.521854,-2317340.918511,63167.257418
792,1208,0.0,0.00679,0.519943,-2317340.911721,63175.276746
793,1207,0.0,0.006753,0.51804,-2317340.904968,63183.266721
794,1206,0.0,0.006716,0.516144,-2317340.898252,63191.227455
795,1205,0.0,0.00668,0.514255,-2317340.891572,63199.15906
796,1204,0.0,0.006644,0.512373,-2317340.884929,63207.061648
797,1203,0.0,0.006608,0.510499,-2317340.878321,63214.935328
798,1202,0.0,0.006572,0.508631,-2317340.871749,63222.78021
799,1201,0.0,0.006536,0.506771,-2317340.865213,63230.596406
800,1200,0.0,0.006501,0.504918,-2317340.858712,63238.384023
801,1199,0.0,0.006466,0.503072,-2317340.852247,63246.14317
802,1198,0.0,0.006431,0.501233,-2317340.845816,63253.873957
803,1197,0.0,0.006396,0.499401,-2317340.83942,63261.57649
804,1196,0.0,0.006362,0.497575,-2317340.833058,63269.250878
805,1195,0.0,0.006327,0.495757,-2317340.826731,63276.897226
806,1194,0.0,0.006293,0.493946,-2317340.820437,63284.515643
807,1193,0.0,0.00626,0.492141,-2317340.814178,63292.106234
808,1192,0.0,0.006226,0.490344,-2317340.807952,63299.669104
809,1191,0.0,0.006193,0.488553,-2317340.801759,63307.20436
810,1190,0.0,0.006159,0.486769,-2317340.7956,63314.712105
811,1189,0.0,0.006126,0.484992,-2317340.789474,63322.192445
812,1188,0.0,0.006094,0.483222,-2317340.78338,63329.645482
813,1187,0.0,0.006061,0.481458,-2317340.777319,63337.071322
814,1186,0.0,0.006029,0.479701,-2317340.77129,63344.470067
815,1185,0.0,0.005997,0.477951,-2317340.765294,63351.84182
816,1184,0.0,0.005965,0.476207,-2317340.759329,63359.186682
817,1183,0.0,0.005933,0.47447,-2317340.753396,63366.504757
818,1182,0.0,0.005901,0.47274,-2317340.747495,63373.796145
819,1181,0.0,0.00587,0.471016,-2317340.741625,63381.060948
820,1180,0.0,0.005839,0.469298,-2317340.735786,63388.299266
821,1179,0.0,0.005808,0.467587,-2317340.729978,63395.5112
822,1178,0.0,0.005777,0.465883,-2317340.724202,63402.696848
823,1177,0.0,0.005746,0.464185,-2317340.718455,63409.856312
824,1176,0.0,0.005716,0.462493,-2317340.712739,63416.989689
825,1175,0.0,0.005686,0.460808,-2317340.707054,63424.097079
826,1174,0.0,0.005656,0.459129,-2317340.701398,63431.17858
827,1173,0.0,0.005626,0.457457,-2317340.695772,63438.234289
828,1172,0.0,0.005596,0.455791,-2317340.690176,63445.264304
829,1171,0.0,0.005567,0.454131,-2317340.684609,63452.268722
830,1170,0.0,0.005537,0.452478,-2317340.679072,63459.247639
831,1169,0.0,0.005508,0.45083,-2317340.673564,63466.201153
832,1168,0.0,0.005479,0.449189,-2317340.668084,63473.129359
833,1167,0.0,0.005451,0.447554,-2317340.662634,63480.032351
834,1166,0.0,0.005422,0.445926,-2317340.657212,63486.910227
835,1165,0.0,0.005393,0.444303,-2317340.651818,63493.763079
836,1164,0.0,0.005365,0.442687,-2317340.646453,63500.591003
837,1163,0.0,0.005337,0.441076,-2317340.641116,63507.394093
838,1162,0.0,0.005309,0.439472,-2317340.635806,63514.172441
839,1161,0.0,0.005282,0.437874,-2317340.630525,63520.926142
840,1160,0.0,0.005254,0.436281,-2317340.625271,63527.655288
841,1159,0.0,0.005227,0.434695,-2317340.620044,63534.359972
842,1158,0.0,0.005199,0.433115,-2317340.614845,63541.040285
843,1157,0.0,0.005172,0.431541,-2317340.609672,63547.69632
844,1156,0.0,0.005145,0.429972,-2317340.604527,63554.328167
845,1155,0.0,0.005119,0.42841,-2317340.599408,63560.935918
846,1154,0.0,0.005092,0.426853,-2317340.594316,63567.519663
847,1153,0.0,0.005066,0.425302,-2317340.58925,63574.079493
848,1152,0.0,0.005039,0.423758,-2317340.584211,63580.615498
849,1151,0.0,0.005013,0.422218,-2317340.579197,63587.127766
850,1150,0.0,0.004987,0.420685,-2317340.57421,63593.616388
851,1149,0.0,0.004962,0.419158,-2317340.569248,63600.081452
852,1148,0.0,0.004936,0.417636,-2317340.564312,63606.523046
853,1147,0.0,0.004911,0.41612,-2317340.559402,63612.941259
854,1146,0.0,0.004885,0.414609,-2317340.554516,63619.336178
855,1145,0.0,0.00486,0.413104,-2317340.549656,63625.707891
856,1144,0.0,0.004835,0.411605,-2317340.544821,63632.056484
857,1143,0.0,0.00481,0.410112,-2317340.540011,63638.382046
858,1142,0.0,0.004785,0.408624,-2317340.535226,63644.684661
859,1141,0.0,0.004761,0.407142,-2317340.530465,63650.964416
860,1140,0.0,0.004737,0.405665,-2317340.525728,63657.221397
861,1139,0.0,0.004712,0.404194,-2317340.521016,63663.455688
862,1138,0.0,0.004688,0.402728,-2317340.516328,63669.667376
863,1137,0.0,0.004664,0.401268,-2317340.511664,63675.856544
864,1136,0.0,0.00464,0.399813,-2317340.507024,63682.023277
865,1135,0.0,0.004617,0.398364,-2317340.502407,63688.167659
866,1134,0.0,0.004593,0.39692,-2317340.497814,63694.289774
867,1133,0.0,0.00457,0.395481,-2317340.493244,63700.389704
868,1132,0.0,0.004546,0.394048,-2317340.488698,63706.467533
869,1131,0.0,0.004523,0.392621,-2317340.484175,63712.523344
870,1130,0.0,0.0045,0.391198,-2317340.479675,63718.557219
871,1129,0.0,0.004477,0.389781,-2317340.475198,63724.569239
872,1128,0.0,0.004455,0.388369,-2317340.470743,63730.559487
873,1127,0.0,0.004432,0.386963,-2317340.466311,63736.528044
874,1126,0.0,0.004409,0.385562,-2317340.461902,63742.474991
875,1125,0.0,0.004387,0.384166,-2317340.457515,63748.400409
876,1124,0.0,0.004365,0.382775,-2317340.45315,63754.304377
877,1123,0.0,0.004343,0.381389,-2317340.448807,63760.186977
878,1122,0.0,0.004321,0.380009,-2317340.444486,63766.048287
879,1121,0.0,0.004299,0.378634,-2317340.440187,63771.888388
880,1120,0.0,0.004277,0.377264,-2317340.435909,63777.707359
881,1119,0.0,0.004256,0.375899,-2317340.431654,63783.505277
882,1118,0.0,0.004234,0.374539,-2317340.427419,63789.282223
883,1117,0.0,0.004213,0.373184,-2317340.423206,63795.038273
884,1116,0.0,0.004192,0.371834,-2317340.419014,63800.773506
885,1115,0.0,0.004171,0.370489,-2317340.414843,63806.488
886,1114,0.0,0.00415,0.369149,-2317340.410694,63812.181831
887,1113,0.0,0.004129,0.367815,-2317340.406564,63817.855077
888,1112,0.0,0.004108,0.366485,-2317340.402456,63823.507815
889,1111,0.0,0.004088,0.36516,-2317340.398368,63829.14012
890,1110,0.0,0.004067,0.36384,-2317340.394301,63834.752069
891,1109,0.0,0.004047,0.362525,-2317340.390254,63840.343737
892,1108,0.0,0.004027,0.361215,-2317340.386227,63845.9152
893,1107,0.0,0.004007,0.35991,-2317340.38222,63851.466534
894,1106,0.0,0.003987,0.358609,-2317340.378233,63856.997813
895,1105,0.0,0.003967,0.357314,-2317340.374267,63862.509111
896,1104,0.0,0.003947,0.356023,-2317340.370319,63868.000503
897,1103,0.0,0.003927,0.354737,-2317340.366392,63873.472063
898,1102,0.0,0.003908,0.353456,-2317340.362484,63878.923865
899,1101,0.0,0.003889,0.35218,-2317340.358595,63884.355982
900,1100,0.0,0.003869,0.350908,-2317340.354726,63889.768487
901,1099,0.0,0.00385,0.349641,-2317340.350876,63895.161453
902,1098,0.0,0.003831,0.348379,-2317340.347045,63900.534952
903,1097,0.0,0.003812,0.347122,-2317340.343233,63905.889058
904,1096,0.0,0.003793,0.345869,-2317340.33944,63911.223841
905,1095,0.0,0.003774,0.344621,-2317340.335666,63916.539374
906,1094,0.0,0.003756,0.343377,-2317340.33191,63921.835727
907,1093,0.0,0.003737,0.342138,-2317340.328173,63927.112973
908,1092,0.0,0.003719,0.340904,-2317340.324454,63932.371182
909,1091,0.0,0.0037,0.339674,-2317340.320753,63937.610424
910,1090,0.0,0.003682,0.338449,-2317340.317071,63942.830771
911,1089,0.0,0.003664,0.337228,-2317340.313407,63948.032291
912,1088,0.0,0.003646,0.336012,-2317340.309761,63953.215055
913,1087,0.0,0.003628,0.3348,-2317340.306133,63958.379132
914,1086,0.0,0.00361,0.333593,-2317340.302522,63963.524592
915,1085,0.0,0.003593,0.33239,-2317340.29893,63968.651503
916,1084,0.0,0.003575,0.331192,-2317340.295354,63973.759934
917,1083,0.0,0.003558,0.329998,-2317340.291797,63978.849954
918,1082,0.0,0.00354,0.328809,-2317340.288257,63983.92163
919,1081,0.0,0.003523,0.327624,-2317340.284734,63988.975031
920,1080,0.0,0.003506,0.326443,-2317340.281228,63994.010224
921,1079,0.0,0.003489,0.325267,-2317340.27774,63999.027276
922,1078,0.0,0.003472,0.324095,-2317340.274268,64004.026256
923,1077,0.0,0.003455,0.322928,-2317340.270813,64009.007228
924,1076,0.0,0.003438,0.321765,-2317340.267376,64013.970261
925,1075,0.0,0.003421,0.320606,-2317340.263955,64018.91542
926,1074,0.0,0.003404,0.319451,-2317340.26055,64023.842772
927,1073,0.0,0.003388,0.318301,-2317340.257162,64028.752381
928,1072,0.0,0.003371,0.317155,-2317340.253791,64033.644315
929,1071,0.0,0.003355,0.316013,-2317340.250436,64038.518637
930,1070,0.0,0.003339,0.314875,-2317340.247097,64043.375414
931,1069,0.0,0.003323,0.313742,-2317340.243774,64048.21471
932,1068,0.0,0.003307,0.312613,-2317340.240468,64053.036589
933,1067,0.0,0.003291,0.311487,-2317340.237177,64057.841116
934,1066,0.0,0.003275,0.310366,-2317340.233903,64062.628355
935,1065,0.0,0.003259,0.30925,-2317340.230644,64067.398369
936,1064,0.0,0.003243,0.308137,-2317340.227401,64072.151222
937,1063,0.0,0.003227,0.307028,-2317340.224173,64076.886978
938,1062,0.0,0.003212,0.305924,-2317340.220961,64081.6057
939,1061,0.0,0.003196,0.304824,-2317340.217765,64086.307449
940,1060,0.0,0.003181,0.303727,-2317340.214584,64090.99229
941,1059,0.0,0.003166,0.302635,-2317340.211418,64095.660284
942,1058,0.0,0.003151,0.301547,-2317340.208267,64100.311493
943,1057,0.0,0.003135,0.300462,-2317340.205132,64104.945979
944,1056,0.0,0.00312,0.299382,-2317340.202011,64109.563804
945,1055,0.0,0.003105,0.298306,-2317340.198906,64114.165029
946,1054,0.0,0.003091,0.297233,-2317340.195815,64118.749715
947,1053,0.0,0.003076,0.296165,-2317340.192739,64123.317923
948,1052,0.0,0.003061,0.295101,-2317340.189678,64127.869714
949,1051,0.0,0.003046,0.29404,-2317340.186632,64132.405149
950,1050,0.0,0.003032,0.292983,-2317340.1836,64136.924287
951,1049,0.0,0.003017,0.291931,-2317340.180582,64141.427188
952,1048,0.0,0.003003,0.290882,-2317340.177579,64145.913912
953,1047,0.0,0.002989,0.289837,-2317340.17459,64150.384519
954,1046,0.0,0.002975,0.288796,-2317340.171616,64154.839068
955,1045,0.0,0.00296,0.287758,-2317340.168655,64159.277618
956,1044,0.0,0.002946,0.286725,-2317340.165709,64163.700228
957,1043,0.0,0.002932,0.285695,-2317340.162777,64168.106956
958,1042,0.0,0.002918,0.284669,-2317340.159858,64172.497861
959,1041,0.0,0.002905,0.283647,-2317340.156954,64176.873001
960,1040,0.0,0.002891,0.282629,-2317340.154063,64181.232433
961,1039,0.0,0.002877,0.281614,-2317340.151186,64185.576216
962,1038,0.0,0.002864,0.280603,-2317340.148322,64189.904407
963,1037,0.0,0.00285,0.279596,-2317340.145472,64194.217064
964,1036,0.0,0.002837,0.278592,-2317340.142636,64198.514242
965,1035,0.0,0.002823,0.277592,-2317340.139813,64202.796
966,1034,0.0,0.00281,0.276596,-2317340.137003,64207.062393
967,1033,0.0,0.002797,0.275604,-2317340.134206,64211.313479
968,1032,0.0,0.002783,0.274615,-2317340.131423,64215.549313
969,1031,0.0,0.00277,0.273629,-2317340.128653,64219.769951
970,1030,0.0,0.002757,0.272648,-2317340.125896,64223.975449
971,1029,0.0,0.002744,0.27167,-2317340.123151,64228.165862
972,1028,0.0,0.002731,0.270695,-2317340.12042,64232.341246
973,1027,0.0,0.002719,0.269725,-2317340.117701,64236.501657
974,1026,0.0,0.002706,0.268757,-2317340.114996,64240.647147
975,1025,0.0,0.002693,0.267793,-2317340.112302,64244.777774
976,1024,0.0,0.00268,0.266833,-2317340.109622,64248.89359
977,1023,0.0,0.002668,0.265876,-2317340.106954,64252.994651
978,1022,0.0,0.002655,0.264923,-2317340.104299,64257.08101
979,1021,0.0,0.002643,0.263974,-2317340.101656,64261.152721
980,1020,0.0,0.002631,0.263027,-2317340.099025,64265.209837
981,1019,0.0,0.002618,0.262085,-2317340.096406,64269.252413
982,1018,0.0,0.002606,0.261145,-2317340.0938,64273.280502
983,1017,0.0,0.002594,0.260209,-2317340.091206,64277.294155
984,1016,0.0,0.002582,0.259277,-2317340.088624,64281.293428
985,1015,0.0,0.00257,0.258348,-2317340.086054,64285.278371
986,1014,0.0,0.002558,0.257422,-2317340.083496,64289.249037
987,1013,0.0,0.002546,0.2565,-2317340.08095,64293.205479
988,1012,0.0,0.002534,0.255581,-2317340.078416,64297.147749
989,1011,0.0,0.002523,0.254666,-2317340.075893,64301.075898
990,1010,0.0,0.002511,0.253753,-2317340.073382,64304.989979
991,1009,0.0,0.002499,0.252845,-2317340.070883,64308.890041
992,1008,0.0,0.002488,0.251939,-2317340.068396,64312.776138
993,1007,0.0,0.002476,0.251037,-2317340.065919,64316.648319
994,1006,0.0,0.002465,0.250138,-2317340.063455,64320.506637
995,1005,0.0,0.002453,0.249242,-2317340.061002,64324.35114
996,1004,0.0,0.002442,0.24835,-2317340.05856,64328.18188
997,1003,0.0,0.002431,0.247461,-2317340.056129,64331.998908
998,1002,0.0,0.002419,0.246575,-2317340.05371,64335.802273
999,1001,0.0,0.002408,0.245692,-2317340.051301,64339.592024
1000,1000,0.0,0.002397,0.244813,-2317340.048904,64343.368213
1001,999,0.0,0.002386,0.243937,-2317340.046518,64347.130888
1002,998,0.0,0.002375,0.243064,-2317340.044143,64350.880098
1003,997,0.0,0.002364,0.242194,-2317340.041779,64354.615893
1004,996,0.0,0.002353,0.241328,-2317340.039425,64358.338322
1005,995,0.0,0.002343,0.240464,-2317340.037082,64362.047434
1006,994,0.0,0.002332,0.239604,-2317340.034751,64365.743277
1007,993,0.0,0.002321,0.238747,-2317340.032429,64369.425899
1008,992,0.0,0.002311,0.237893,-2317340.030119,64373.095349
1009,991,0.0,0.0023,0.237042,-2317340.027819,64376.751674
1010,990,0.0,0.002289,0.236194,-2317340.02553,64380.394924
1011,989,0.0,0.002279,0.235349,-2317340.023251,64384.025144
1012,988,0.0,0.002269,0.234508,-2317340.020982,64387.642384
1013,987,0.0,0.002258,0.233669,-2317340.018724,64391.246689
1014,986,0.0,0.002248,0.232833,-2317340.016476,64394.838108
1015,985,0.0,0.002238,0.232001,-2317340.014238,64398.416687
1016,984,0.0,0.002227,0.231172,-2317340.012011,64401.982473
1017,983,0.0,0.002217,0.230345,-2317340.009793,64405.535512
1018,982,0.0,0.002207,0.229522,-2317340.007586,64409.075852
1019,981,0.0,0.002197,0.228701,-2317340.005389,64412.603538
1020,980,0.0,0.002187,0.227884,-2317340.003202,64416.118616
1021,979,0.0,0.002177,0.227069,-2317340.001025,64419.621132
1022,978,0.0,0.002167,0.226258,-2317339.998857,64423.111132
1023,977,0.0,0.002158,0.225449,-2317339.9967,64426.588662
1024,976,0.0,0.002148,0.224644,-2317339.994552,64430.053767
1025,975,0.0,0.002138,0.223841,-2317339.992414,64433.506492
1026,974,0.0,0.002128,0.223041,-2317339.990285,64436.946882
1027,973,0.0,0.002119,0.222245,-2317339.988167,64440.374982
1028,972,0.0,0.002109,0.221451,-2317339.986058,64443.790837
1029,971,0.0,0.0021,0.22066,-2317339.983958,64447.194491
1030,970,0.0,0.00209,0.219872,-2317339.981868,64450.585989
1031,969,0.0,0.002081,0.219086,-2317339.979787,64453.965375
1032,968,0.0,0.002071,0.218304,-2317339.977716,64457.332693
1033,967,0.0,0.002062,0.217524,-2317339.975654,64460.687986
1034,966,0.0,0.002053,0.216748,-2317339.973601,64464.031299
1035,965,0.0,0.002044,0.215974,-2317339.971557,64467.362675
1036,964,0.0,0.002034,0.215202,-2317339.969523,64470.682157
1037,963,0.0,0.002025,0.214434,-2317339.967498,64473.989789
1038,962,0.0,0.002016,0.213669,-2317339.965482,64477.285614
1039,961,0.0,0.002007,0.212906,-2317339.963475,64480.569674
1040,960,0.0,0.001998,0.212146,-2317339.961477,64483.842013
1041,959,0.0,0.001989,0.211389,-2317339.959488,64487.102672
1042,958,0.0,0.00198,0.210634,-2317339.957508,64490.351695
1043,957,0.0,0.001971,0.209883,-2317339.955536,64493.589123
1044,956,0.0,0.001962,0.209134,-2317339.953574,64496.814999
1045,955,0.0,0.001954,0.208387,-2317339.95162,64500.029364
1046,954,0.0,0.001945,0.207644,-2317339.949675,64503.232261
1047,953,0.0,0.001936,0.206903,-2317339.947739,64506.42373
1048,952,0.0,0.001928,0.206165,-2317339.945811,64509.603814
1049,951,0.0,0.001919,0.205429,-2317339.943892,64512.772554
1050,950,0.0,0.00191,0.204696,-2317339.941982,64515.92999
1051,949,0.0,0.001902,0.203966,-2317339.94008,64519.076165
1052,948,0.0,0.001894,0.203239,-2317339.938186,64522.211118
1053,947,0.0,0.001885,0.202514,-2317339.936301,64525.33489
1054,946,0.0,0.001877,0.201792,-2317339.934424,64528.447522
1055,945,0.0,0.001868,0.201072,-2317339.932556,64531.549055
1056,944,0.0,0.00186,0.200355,-2317339.930696,64534.639528
1057,943,0.0,0.001852,0.19964,-2317339.928844,64537.718982
1058,942,0.0,0.001844,0.198929,-2317339.927,64540.787457
1059,941,0.0,0.001835,0.198219,-2317339.925165,64543.844992
1060,940,0.0,0.001827,0.197513,-2317339.923338,64546.891627
1061,939,0.0,0.001819,0.196809,-2317339.921518,64549.927401
1062,938,0.0,0.001811,0.196107,-2317339.919707,64552.952354
1063,937,0.0,0.001803,0.195408,-2317339.917904,64555.966526
1064,936,0.0,0.001795,0.194711,-2317339.916109,64558.969954
1065,935,0.0,0.001787,0.194017,-2317339.914321,64561.962678
1066,934,0.0,0.001779,0.193326,-2317339.912542,64564.944737
1067,933,0.0,0.001772,0.192637,-2317339.91077,64567.91617
1068,932,0.0,0.001764,0.191951,-2317339.909007,64570.877014
1069,931,0.0,0.001756,0.191267,-2317339.907251,64573.827308
1070,930,0.0,0.001748,0.190585,-2317339.905503,64576.767091
1071,929,0.0,0.001741,0.189906,-2317339.903762,64579.6964
1072,928,0.0,0.001733,0.189229,-2317339.902029,64582.615274
1073,927,0.0,0.001725,0.188555,-2317339.900304,64585.523749
1074,926,0.0,0.001718,0.187884,-2317339.898586,64588.421864
1075,925,0.0,0.00171,0.187214,-2317339.896876,64591.309657
1076,924,0.0,0.001703,0.186548,-2317339.895173,64594.187163
1077,923,0.0,0.001695,0.185883,-2317339.893478,64597.054422
1078,922,0.0,0.001688,0.185221,-2317339.89179,64599.911469
1079,921,0.0,0.00168,0.184561,-2317339.89011,64602.758342
1080,920,0.0,0.001673,0.183904,-2317339.888437,64605.595077
1081,919,0.0,0.001666,0.183249,-2317339.886771,64608.421711
1082,918,0.0,0.001658,0.182597,-2317339.885113,64611.238281
1083,917,0.0,0.001651,0.181947,-2317339.883461,64614.044823
1084,916,0.0,0.001644,0.181299,-2317339.881817,64616.841372
1085,915,0.0,0.001637,0.180653,-2317339.880181,64619.627967
1086,914,0.0,0.00163,0.18001,-2317339.878551,64622.404641
1087,913,0.0,0.001623,0.179369,-2317339.876928,64625.171432
1088,912,0.0,0.001616,0.178731,-2317339.875313,64627.928374
1089,911,0.0,0.001609,0.178095,-2317339.873704,64630.675504
1090,910,0.0,0.001601,0.177461,-2317339.872103,64633.412857
1091,909,0.0,0.001595,0.176829,-2317339.870508,64636.140467
1092,908,0.0,0.001588,0.1762,-2317339.868921,64638.858371
1093,907,0.0,0.001581,0.175573,-2317339.86734,64641.566604
1094,906,0.0,0.001574,0.174948,-2317339.865766,64644.265199
1095,905,0.0,0.001567,0.174326,-2317339.864199,64646.954193
1096,904,0.0,0.00156,0.173705,-2317339.862639,64649.633619
1097,903,0.0,0.001553,0.173087,-2317339.861085,64652.303513
1098,902,0.0,0.001547,0.172472,-2317339.859539,64654.963908
1099,901,0.0,0.00154,0.171858,-2317339.857998,64657.614839
1100,900,0.0,0.001533,0.171247,-2317339.856465,64660.256341
1101,899,0.0,0.001527,0.170637,-2317339.854938,64662.888446
1102,898,0.0,0.00152,0.17003,-2317339.853418,64665.511189
1103,897,0.0,0.001514,0.169426,-2317339.851905,64668.124604
1104,896,0.0,0.001507,0.168823,-2317339.850397,64670.728724
1105,895,0.0,0.001501,0.168223,-2317339.848897,64673.323583
1106,894,0.0,0.001494,0.167624,-2317339.847403,64675.909214
1107,893,0.0,0.001488,0.167028,-2317339.845915,64678.485651
1108,892,0.0,0.001481,0.166434,-2317339.844434,64681.052927
1109,891,0.0,0.001475,0.165843,-2317339.842959,64683.611074
1110,890,0.0,0.001469,0.165253,-2317339.84149,64686.160126
1111,889,0.0,0.001462,0.164665,-2317339.840028,64688.700115
1112,888,0.0,0.001456,0.16408,-2317339.838572,64691.231075
1113,887,0.0,0.00145,0.163497,-2317339.837122,64693.753037
1114,886,0.0,0.001443,0.162915,-2317339.835679,64696.266033
1115,885,0.0,0.001437,0.162336,-2317339.834242,64698.770098
1116,884,0.0,0.001431,0.161759,-2317339.83281,64701.265261
1117,883,0.0,0.001425,0.161184,-2317339.831385,64703.751556
1118,882,0.0,0.001419,0.160611,-2317339.829967,64706.229015
1119,881,0.0,0.001413,0.16004,-2317339.828554,64708.697669
1120,880,0.0,0.001407,0.159472,-2317339.827147,64711.15755
1121,879,0.0,0.001401,0.158905,-2317339.825746,64713.608689
1122,878,0.0,0.001395,0.15834,-2317339.824351,64716.051119
1123,877,0.0,0.001389,0.157778,-2317339.822962,64718.48487
1124,876,0.0,0.001383,0.157217,-2317339.82158,64720.909973
1125,875,0.0,0.001377,0.156658,-2317339.820203,64723.326461
1126,874,0.0,0.001371,0.156102,-2317339.818831,64725.734363
1127,873,0.0,0.001365,0.155547,-2317339.817466,64728.133711
1128,872,0.0,0.00136,0.154995,-2317339.816107,64730.524535
1129,871,0.0,0.001354,0.154444,-2317339.814753,64732.906866
1130,870,0.0,0.001348,0.153895,-2317339.813405,64735.280735
1131,869,0.0,0.001342,0.153349,-2317339.812063,64737.646172
1132,868,0.0,0.001337,0.152804,-2317339.810726,64740.003208
1133,867,0.0,0.001331,0.152261,-2317339.809395,64742.351872
1134,866,0.0,0.001325,0.15172,-2317339.80807,64744.692195
1135,865,0.0,0.00132,0.151182,-2317339.80675,64747.024207
1136,864,0.0,0.001314,0.150645,-2317339.805436,64749.347937
1137,863,0.0,0.001308,0.15011,-2317339.804128,64751.663416
1138,862,0.0,0.001303,0.149577,-2317339.802825,64753.970673
1139,861,0.0,0.001297,0.149046,-2317339.801528,64756.269737
1140,860,0.0,0.001292,0.148516,-2317339.800236,64758.560639
1141,859,0.0,0.001286,0.147989,-2317339.79895,64760.843407
1142,858,0.0,0.001281,0.147464,-2317339.797669,64763.11807
1143,857,0.0,0.001276,0.14694,-2317339.796393,64765.384659
1144,856,0.0,0.00127,0.146418,-2317339.795123,64767.643201
1145,855,0.0,0.001265,0.145899,-2317339.793858,64769.893726
1146,854,0.0,0.00126,0.145381,-2317339.792599,64772.136262
1147,853,0.0,0.001254,0.144865,-2317339.791344,64774.370839
1148,852,0.0,0.001249,0.144351,-2317339.790095,64776.597484
1149,851,0.0,0.001244,0.143838,-2317339.788852,64778.816227
1150,850,0.0,0.001238,0.143328,-2317339.787613,64781.027095
1151,849,0.0,0.001233,0.142819,-2317339.78638,64783.230117
1152,848,0.0,0.001228,0.142312,-2317339.785152,64785.425321
1153,847,0.0,0.001223,0.141807,-2317339.783929,64787.612736
1154,846,0.0,0.001218,0.141304,-2317339.782712,64789.792388
1155,845,0.0,0.001213,0.140803,-2317339.781499,64791.964307
1156,844,0.0,0.001208,0.140303,-2317339.780292,64794.128519
1157,843,0.0,0.001202,0.139805,-2317339.779089,64796.285053
1158,842,0.0,0.001197,0.139309,-2317339.777892,64798.433935
1159,841,0.0,0.001192,0.138815,-2317339.776699,64800.575194
1160,840,0.0,0.001187,0.138322,-2317339.775512,64802.708857
1161,839,0.0,0.001182,0.137832,-2317339.77433,64804.834951
1162,838,0.0,0.001177,0.137343,-2317339.773152,64806.953503
1163,837,0.0,0.001173,0.136856,-2317339.77198,64809.064541
1164,836,0.0,0.001168,0.13637,-2317339.770812,64811.16809
1165,835,0.0,0.001163,0.135886,-2317339.769649,64813.264179
1166,834,0.0,0.001158,0.135404,-2317339.768491,64815.352833
1167,833,0.0,0.001153,0.134924,-2317339.767338,64817.43408
1168,832,0.0,0.001148,0.134446,-2317339.76619,64819.507946
1169,831,0.0,0.001143,0.133969,-2317339.765046,64821.574458
1170,830,0.0,0.001139,0.133494,-2317339.763908,64823.633641
1171,829,0.0,0.001134,0.13302,-2317339.762774,64825.685523
1172,828,0.0,0.001129,0.132549,-2317339.761644,64827.730129
1173,827,0.0,0.001125,0.132079,-2317339.76052,64829.767485
1174,826,0.0,0.00112,0.13161,-2317339.7594,64831.797618
1175,825,0.0,0.001115,0.131144,-2317339.758285,64833.820553
1176,824,0.0,0.001111,0.130679,-2317339.757174,64835.836316
1177,823,0.0,0.001106,0.130215,-2317339.756068,64837.844933
1178,822,0.0,0.001101,0.129754,-2317339.754967,64839.846429
1179,821,0.0,0.001097,0.129294,-2317339.75387,64841.84083
1180,820,0.0,0.001092,0.128836,-2317339.752777,64843.828162
1181,819,0.0,0.001088,0.128379,-2317339.75169,64845.808449
1182,818,0.0,0.001083,0.127924,-2317339.750606,64847.781717
1183,817,0.0,0.001079,0.12747,-2317339.749528,64849.747991
1184,816,0.0,0.001074,0.127019,-2317339.748453,64851.707297
1185,815,0.0,0.00107,0.126568,-2317339.747383,64853.659658
1186,814,0.0,0.001065,0.12612,-2317339.746318,64855.6051
1187,813,0.0,0.001061,0.125673,-2317339.745257,64857.543648
1188,812,0.0,0.001057,0.125227,-2317339.7442,64859.475326
1189,811,0.0,0.001052,0.124784,-2317339.743148,64861.400159
1190,810,0.0,0.001048,0.124342,-2317339.7421,64863.318172
1191,809,0.0,0.001044,0.123901,-2317339.741056,64865.229388
1192,808,0.0,0.001039,0.123462,-2317339.740017,64867.133833
1193,807,0.0,0.001035,0.123024,-2317339.738982,64869.03153
1194,806,0.0,0.001031,0.122589,-2317339.737951,64870.922504
1195,805,0.0,0.001027,0.122154,-2317339.736925,64872.806778
1196,804,0.0,0.001022,0.121721,-2317339.735902,64874.684377
1197,803,0.0,0.001018,0.12129,-2317339.734884,64876.555325
1198,802,0.0,0.001014,0.120861,-2317339.73387,64878.419644
1199,801,0.0,0.00101,0.120432,-2317339.732861,64880.27736
1200,800,0.0,0.001006,0.120006,-2317339.731855,64882.128496
1201,799,0.0,0.001001,0.119581,-2317339.730854,64883.973075
1202,798,0.0,0.000997,0.119157,-2317339.729856,64885.81112
